  0.035736,  0.011912, -0.020311, -4.267758,  9.792459, -146.682266 
   0.041844,  0.011454, -0.015424, -4.180064,  9.938614, -145.454544 
   0.040164,  0.007636, -0.012675, -4.472376,  9.850921, -146.214554 
   0.039706,  0.015272, -0.015882, -4.472376,  10.260158, -145.834549 
   0.041233,  0.015119, -0.020311, -4.560070,  9.704765, -146.097641 
   0.042913,  0.017715, -0.014050, -4.296989,  9.646302, -146.769958 
   0.042302,  0.014203, -0.014508, -4.267758,  10.377083, -145.717621 
   0.040775,  0.014203, -0.016188, -4.063139,  9.821690, -147.354584 
   0.042913,  0.010385, -0.020617, -4.063139,  10.114001, -146.214554 
   0.043066,  0.012523, -0.014966, -4.267758,  9.383221, -146.389954 
   0.039706,  0.016799, -0.016188, -3.800058,  8.944753, -146.302246 
   0.040470,  0.015424, -0.016493, -4.121602,  9.500146, -145.893021 
   0.037721,  0.014966, -0.014508, -4.413914,  10.201695, -146.916107 
   0.038332,  0.019395, -0.018173, -4.238527,  9.617071, -146.711487 
   0.039248,  0.016188, -0.016493, -4.530839,  9.850921, -146.477646 
   0.035736,  0.012370, -0.016341, -4.793920,  9.967846, -146.360703 
   0.040775,  0.009316, -0.014355, -3.887752,  9.821690, -146.477646 
   0.077274,  0.016799, -0.017104, -4.004677,  9.850921, -145.483780 
   0.041997,  0.009621, -0.017715, -3.858521,  9.997077, -146.068405 
   0.040470,  0.015882, -0.014355, -3.916983,  9.675533, -146.477646 
   0.039859,  0.018631, -0.017104, -4.180064,  10.084770, -145.717621 
   0.038332,  0.016188, -0.013592, -3.536978,  10.143233, -145.863785 
   0.040775,  0.013744, -0.013897, -4.004677,  9.850921, -145.396072 
   0.038332,  0.016035, -0.018784, -4.326220,  9.909383, -145.951477 
   0.041692,  0.014050, -0.014355, -3.858521,  9.909383, -146.565323 
   0.038332,  0.016188, -0.017410, -4.121602,  8.915522, -146.273010 
   0.038332,  0.020922, -0.018631, -4.618533,  9.763227, -146.243790 
   0.043830,  0.015730, -0.018173, -4.589301,  9.470915, -146.419174 
   0.044899,  0.014050, -0.020159, -4.063139,  9.441684, -146.389954 
   0.045051,  0.016188, -0.018631, -4.180064,  10.377083, -146.068405 
   0.038943,  0.013134, -0.017562, -4.413914,  10.406314, -145.366852 
   0.035125,  0.015730, -0.020006, -4.238527,  9.967846, -146.126862 
   0.036194,  0.016493, -0.013897, -4.530839,  9.938614, -146.302246 
   0.042608,  0.015577, -0.019395, -4.063139,  9.558608, -146.360703 
   0.041997,  0.016341, -0.022449, -4.384683,  9.880153, -146.506866 
   0.041386,  0.017868, -0.017257, -4.238527,  9.909383, -146.214554 
   0.034056,  0.019395, -0.009163, -4.530839,  9.938614, -145.776093 
   0.039095,  0.018173, -0.013439, -4.355452,  9.704765, -147.354584 
   0.041997,  0.019548, -0.017257, -4.384683,  9.441684, -147.237640 
   0.037874,  0.016799, -0.016035, -4.267758,  10.289389, -146.331482 
   0.040317,  0.015272, -0.013439, -4.150833,  9.850921, -146.039169 
   0.042913,  0.016646, -0.017257, -4.384683,  10.201695, -145.688385 
   0.046731,  0.010996, -0.016035, -4.443145,  9.646302, -146.068405 
   0.041997,  0.015577, -0.018937, -4.209296,  9.558608, -146.506866 
   0.040775,  0.011148, -0.019395, -4.326220,  9.997077, -145.717621 
   0.039554,  0.018784, -0.020006, -4.063139,  9.967846, -145.834549 
   0.040317,  0.016952, -0.016646, -4.209296,  9.909383, -146.185333 
   0.040317,  0.012217, -0.016646, -4.296989,  9.880153, -146.448410 
   0.036805,  0.017715, -0.014508, -4.267758,  9.675533, -146.682266 
   0.040623,  0.016188, -0.018173, -4.384683,  9.997077, -146.769958 
   0.040317,  0.017104, -0.016341, -4.501607,  9.792459, -146.214554 
   0.039095,  0.015272, -0.016799, -4.238527,  9.412453, -145.922241 
   0.040164,  0.014203, -0.014966, -4.033908,  10.289389, -146.536102 
   0.040317,  0.016952, -0.015882, -3.916983,  10.289389, -146.711487 
   0.038943,  0.014966, -0.016188, -3.975446,  10.084770, -146.799179 
   0.041844,  0.018479, -0.013134, -4.238527,  10.347852, -146.916107 
   0.040164,  0.018173, -0.016646, -4.560070,  10.114001, -145.834549 
   0.040775,  0.016035, -0.014050, -4.092371,  9.967846, -146.214554 
   0.044899,  0.017715, -0.012523, -4.238527,  10.143233, -146.185333 
   0.041233,  0.013897, -0.017410, -4.384683,  9.997077, -146.389954 
   0.041692,  0.018937, -0.018021, -4.180064,  9.967846, -147.179184 
   0.041997,  0.016035, -0.016035, -3.829290,  9.617071, -146.097641 
   0.037263,  0.016035, -0.021228, -4.004677,  9.120140, -146.302246 
   0.039095,  0.013439, -0.015119, -4.296989,  9.938614, -146.565323 
   0.034819,  0.011912, -0.019090, -4.238527,  10.669394, -146.331482 
   0.039248,  0.021686, -0.013439, -4.209296,  10.610932, -146.448410 
   0.036499,  0.017410, -0.016493, -4.384683,  10.581701, -146.857635 
   0.037263,  0.017868, -0.016341, -4.092371,  10.494008, -147.062271 
   0.040317,  0.017257, -0.016035, -4.589301,  10.318621, -147.237640 
   0.042302,  0.011301, -0.017410, -4.267758,  10.698627, -146.419174 
   0.031918,  0.010690, -0.015730, -4.969307,  10.026308, -146.302246 
   0.040317,  0.017715, -0.020006, -4.384683,  10.318621, -147.588425 
   0.038485,  0.017257, -0.015424, -4.501607,  10.494008, -146.945328 
   0.039095,  0.017410, -0.017562, -3.858521,  10.494008, -147.266876 
   0.037874,  0.015577, -0.015730, -4.355452,  10.143233, -147.822266 
   0.041233,  0.015882, -0.013286, -4.589301,  9.880153, -147.617645 
   0.038332,  0.019548, -0.014661, -4.413914,  10.172464, -146.799179 
   0.043371,  0.011454, -0.016035, -3.829290,  9.529378, -147.003799 
   0.039554,  0.014050, -0.016341, -5.086232,  10.026308, -146.682266 
   0.040012,  0.017715, -0.013744, -4.267758,  9.675533, -147.149963 
   0.043066,  0.017410, -0.015424, -4.852383,  10.523239, -146.916107 
   0.039095,  0.016341, -0.013286, -4.004677,  9.675533, -146.419174 
   0.039554,  0.016341, -0.017410, -4.764689,  9.967846, -146.565323 
   0.041692,  0.017257, -0.017562, -3.887752,  10.026308, -147.120728 
   0.044899,  0.015272, -0.012675, -4.384683,  10.114001, -146.857635 
   0.039706,  0.009316, -0.019395, -4.150833,  9.792459, -146.799179 
   0.042150,  0.010690, -0.016188, -4.355452,  10.143233, -146.185333 
   0.035125,  0.013592, -0.020922, -4.413914,  10.260158, -147.588425 
   0.043219,  0.019242, -0.013439, -4.443145,  10.084770, -146.506866 
   0.041233,  0.014050, -0.015730, -4.238527,  10.114001, -146.711487 
   0.046120,  0.016341, -0.019090, -4.180064,  10.318621, -147.383804 
   0.044746,  0.014508, -0.015577, -4.384683,  10.084770, -146.477646 
   0.041844,  0.014813, -0.019090, -3.712365,  10.084770, -146.974564 
   0.038637,  0.016493, -0.018937, -4.326220,  10.347852, -147.062271 
   0.038790,  0.012370, -0.017410, -4.560070,  9.792459, -146.916107 
   0.042761,  0.013744, -0.015730, -4.180064,  10.640163, -146.623795 
   0.041692,  0.015730, -0.015272, -3.858521,  10.406314, -147.676117 
   0.038179,  0.012675, -0.017104, -4.355452,  9.997077, -147.646896 
   0.043982,  0.016493, -0.013744, -4.472376,  10.610932, -147.149963 
   0.046731,  0.017410, -0.014508, -3.975446,  10.610932, -146.243790 
   0.035277,  0.013592, -0.016799, -4.238527,  10.435545, -146.389954 
   0.036805,  0.014203, -0.017562, -4.560070,  10.464776, -146.886871 
   0.039706,  0.016188, -0.019548, -4.326220,  10.318621, -146.506866 
   0.039554,  0.008247, -0.018326, -4.004677,  10.698627, -146.565323 
   0.039095,  0.020464, -0.015272, -4.384683,  10.318621, -146.389954 
   0.040012,  0.014661, -0.014508, -4.501607,  10.932476, -146.828415 
   0.038026,  0.016952, -0.018937, -4.881614,  10.786320, -147.471497 
   0.041233,  0.014966, -0.016493, -4.209296,  10.318621, -146.623795 
   0.041692,  0.014661, -0.016799, -4.472376,  10.932476, -147.471497 
   0.040470,  0.015424, -0.013439, -4.355452,  10.727857, -147.471497 
   0.041539,  0.016035, -0.012370, -3.770827,  10.581701, -146.711487 
   0.038637,  0.014508, -0.020617, -4.852383,  10.523239, -146.886871 
   0.036346,  0.020006, -0.018631, -4.004677,  10.903244, -147.149963 
   0.037721,  0.016035, -0.015882, -4.443145,  10.377083, -147.617645 
   0.041844,  0.017868, -0.018021, -4.267758,  10.903244, -146.886871 
   0.040775,  0.014813, -0.011148, -4.969307,  10.464776, -147.179184 
   0.039706,  0.015119, -0.018326, -4.384683,  10.464776, -146.331482 
   0.041386,  0.014203, -0.016341, -3.683133,  10.669394, -147.091492 
   0.038332,  0.018173, -0.016646, -3.829290,  10.610932, -147.149963 
   0.042302,  0.019090, -0.015424, -4.676995,  10.552470, -146.740723 
   0.048717,  0.017104, -0.014203, -4.413914,  9.880153, -146.769958 
   0.044593,  0.015424, -0.016952, -4.443145,  10.698627, -147.149963 
   0.041386,  0.019853, -0.019548, -4.501607,  11.049401, -146.682266 
   0.038332,  0.015730, -0.018021, -4.910845,  11.254020, -145.717621 
   0.042761,  0.017715, -0.016799, -4.764689,  10.552470, -146.711487 
   0.039095,  0.016188, -0.021991, -4.969307,  10.815551, -147.559189 
   0.035277,  0.016035, -0.018021, -4.063139,  9.675533, -147.120728 
   0.038332,  0.016646, -0.016493, -5.115463,  9.383221, -146.828415 
   0.041233,  0.018173, -0.014813, -5.378544,  10.757089, -145.951477 
   0.040623,  0.012065, -0.019395, -5.583163,  10.114001, -145.366852 
   0.043524,  0.013439, -0.018631, -5.086232,  10.143233, -147.179184 
   0.034056,  0.020006, -0.017410, -5.027770,  10.523239, -147.296112 
   0.040317,  0.016646, -0.012675, -4.969307,  10.114001, -147.091492 
   0.041539,  0.016799, -0.019548, -5.407775,  10.055539, -146.886871 
   0.038332,  0.014203, -0.020159, -4.969307,  9.938614, -146.331482 
   0.042608,  0.015424, -0.014203, -5.817012,  9.967846, -146.653015 
   0.037263,  0.018326, -0.012675, -5.495469,  10.026308, -147.062271 
   0.038637,  0.020159, -0.015577, -5.290851,  10.143233, -146.769958 
   0.041997,  0.016035, -0.016799, -5.232388,  10.084770, -147.091492 
   0.037721,  0.017104, -0.018631, -6.080093,  9.529378, -147.149963 
   0.042608,  0.017715, -0.015272, -5.875475,  10.640163, -147.763809 
   0.043219,  0.014508, -0.015882, -5.904706,  10.640163, -146.916107 
   0.040164,  0.017562, -0.013897, -5.407775,  10.260158, -146.799179 
   0.038485,  0.017104, -0.018021, -5.378544,  9.646302, -147.149963 
   0.035888,  0.012370, -0.016952, -5.670856,  10.698627, -147.266876 
   0.040317,  0.017104, -0.019090, -7.950891,  12.510962, -146.419174 
   0.047647,  0.020922, -0.016188, -13.329436,  17.977200, -144.723755 
   0.042761,  0.016799, -0.018173, -22.975739,  27.477345, -134.785156 
   0.042455,  0.018021, -0.015882, -41.362175,  44.197605, -114.674065 
   0.038332,  0.016952, -0.012217, -74.714996,  87.781349, -72.113419 
   0.039095,  0.015119, -0.018173, -118.094124,  145.863785, -18.824905 
   0.042302,  0.016799, -0.018326, -164.016373,  225.752716,  50.336159 
   0.039859,  0.020006, -0.013134, -177.345795,  341.829865,  117.918739 
   0.040012,  0.018784, -0.017257, -183.601288,  423.560394,  177.141190 
   0.035277,  0.016341, -0.014661, -204.647751,  498.129211,  219.526459 
   0.045968,  0.019242, -0.016493, -229.523544,  575.942688,  251.856186 
   0.044288,  0.017562, -0.018784, -223.794220,  579.333557,  256.825500 
   0.039248,  0.018937, -0.015119, -228.412750,  566.033325,  257.263947 
   0.042150,  0.017257, -0.015577, -216.691010,  551.446960,  234.522079 
   0.039095,  0.017104, -0.015119, -195.966095,  462.262482,  175.445770 
   0.045815,  0.016799, -0.018173, -169.336456,  324.641907,  73.282661 
   0.036194,  0.017257, -0.014050, -98.567673,  164.747162, -44.197605 
   0.044135,  0.016035, -0.016188, -55.890091,  81.058167, -105.641624 
   0.042302,  0.017257, -0.018937, -32.125111,  44.022213, -127.301956 
   0.038179,  0.017257, -0.019242, -21.923414,  27.477345, -138.146744 
   0.040775,  0.019395, -0.014355, -15.346390,  20.608009, -142.736038 
   0.044899,  0.018937, -0.016035, -11.458637,  16.427944, -144.811462 
   0.036957,  0.020464, -0.016188, -9.763227,  14.381761, -145.249924 
   0.036346,  0.017715, -0.014355, -8.213972,  12.481730, -145.074539 
   0.038943,  0.011606, -0.018021, -7.015493,  9.733995, -145.688385 
   0.043066,  0.015119, -0.013286, -4.823151,  9.207834, -145.366852 
   0.044440,  0.018173, -0.018631, -4.413914,  8.827827, -146.916107 
   0.045509,  0.017715, -0.017868, -4.384683,  9.237065, -146.799179 
   0.041844,  0.018784, -0.015577, -4.472376,  9.149372, -147.734589 
   0.044440,  0.013592, -0.014050, -5.057001,  9.090909, -146.653015 
   0.046273,  0.014050, -0.013439, -4.823151,  9.061678, -146.974564 
   0.038790,  0.017715, -0.018784, -5.115463,  8.330897, -146.214554 
   0.041844,  0.021075, -0.015272, -4.881614,  9.295527, -146.506866 
   0.040317,  0.015272, -0.012675, -4.180064,  9.237065, -146.185333 
   0.041081,  0.018479, -0.015119, -4.530839,  8.447823, -147.033035 
   0.039859,  0.018326, -0.015730, -4.589301,  9.412453, -146.740723 
   0.037110,  0.015272, -0.011148, -4.326220,  8.798597, -145.922241 
   0.039401,  0.013286, -0.009468, -4.472376,  8.301666, -147.442276 
   0.041844,  0.015577, -0.014661, -4.355452,  8.418591, -146.594559 
   0.043677,  0.016952, -0.018631, -4.706226,  8.769365, -146.857635 
   0.040775,  0.020769, -0.018173, -4.793920,  8.886291, -146.302246 
   0.036805,  0.019395, -0.016493, -4.910845,  8.564747, -146.039169 
   0.041386,  0.020006, -0.018784, -4.676995,  8.213972, -146.653015 
   0.048717,  0.016799, -0.012675, -4.647764,  8.535517, -147.266876 
   0.040928,  0.017562, -0.011301, -4.472376,  8.418591, -146.623795 
   0.040470,  0.015272, -0.010385, -4.647764,  8.330897, -146.828415 
   0.043982,  0.014050, -0.013134, -4.706226,  8.155510, -146.769958 
   0.046120,  0.014661, -0.017715, -5.232388,  8.593979, -146.448410 
   0.040012,  0.015272, -0.018173, -4.150833,  8.710903, -145.600708 
   0.043524,  0.021991, -0.018173, -4.618533,  8.886291, -146.916107 
   0.042761,  0.014966, -0.021380, -4.764689,  8.213972, -146.477646 
   0.038026,  0.018479, -0.019395, -4.852383,  8.447823, -146.068405 
   0.041539,  0.016799, -0.014966, -4.881614,  8.301666, -146.799179 
   0.039401,  0.013592, -0.016646, -4.560070,  8.769365, -146.974564 
   0.043371,  0.017410, -0.017562, -5.378544,  8.740134, -146.857635 
   0.040928,  0.016188, -0.014355, -4.969307,  8.623210, -146.857635 
   0.044593,  0.021533, -0.014508, -4.706226,  8.418591, -146.740723 
   0.042455,  0.016493, -0.017715, -4.735457,  9.178602, -146.302246 
   0.039859,  0.015424, -0.018479, -4.910845,  8.447823, -146.623795 
   0.037263,  0.014661, -0.018784, -5.378544,  8.944753, -146.711487 
   0.041692,  0.020311, -0.018784, -5.290851,  9.237065, -146.682266 
   0.038943,  0.019395, -0.017715, -5.057001,  9.090909, -146.769958 
   0.045509,  0.013897, -0.017562, -4.589301,  9.324759, -145.776093 
   0.038332,  0.018173, -0.019090, -5.115463,  8.740134, -146.506866 
   0.041539,  0.015119, -0.018631, -4.940076,  9.207834, -146.828415 
   0.041386,  0.015119, -0.018479, -5.261620,  9.441684, -146.243790 
   0.040317,  0.018326, -0.015424, -5.232388,  8.769365, -147.237640 
   0.078038,  0.017104, -0.020006, -5.612394,  8.593979, -145.659164 
   0.042302,  0.017868, -0.018937, -5.437007,  9.266296, -146.448410 
   0.043219,  0.013286, -0.018021, -5.115463,  8.886291, -146.974564 
   0.043982,  0.042302, -0.716850, -5.349313,  9.061678, -146.594559 
  -0.853073, -1.013731, -0.626137, -11.254020,  2.016954, -146.243790 
   0.490067, -1.172709, -2.147191, -13.826367,  0.263081, -145.103775 
  -1.025032,  1.602910,  1.245249, -17.100262, -8.681672, -141.771408 
   0.121104,  0.839634,  1.075886, -19.701841,  12.627886, -130.985092 
   0.258091,  0.208916, -0.410501, -20.344929,  28.295820, -141.859100 
   0.527177, -0.914007, -0.454942, -29.552763,  34.785152, -135.311310 
   0.032529,  0.379958, -0.246026, -36.334404,  42.531425, -132.417419 
  -0.023976,  0.054825,  0.021380, -46.477638,  34.668224, -134.229752 
   0.107665,  0.065057, -0.446543, -52.411575,  29.494301, -134.142059 
   0.046120,  0.040623, -0.011148, -52.616196,  29.318914, -133.762054 
   0.063072, -0.058338, -0.337045, -59.134758,  23.034201, -131.774323 
   0.072540,  0.065515, -0.161879, -64.367142, -3.683133, -128.968140 
   0.058032, -0.073457, -0.017257, -35.369774, -19.000292, -138.351364 
   0.074373, -0.123700, -0.088881, -33.118973, -18.941830, -138.643677 
   0.133169,  0.305280, -0.264657, -35.515930, -6.284712, -139.140610 
   0.040012,  0.017715, -0.016035, -35.457466, -6.284712, -140.251389 
   0.073915,  0.043677, -0.534354, -34.638996, -8.126279, -140.543701 
   0.047342, -0.014813, -0.012981, -33.002045, -11.049401, -139.754456 
   0.040470,  0.016646, -0.018479, -32.885124, -10.610932, -139.579071 
   0.042608,  0.017868, -0.017104, -32.592808, -10.727857, -140.192932 
   0.036499,  0.018021, -0.017562, -32.183571, -10.172464, -139.783691 
   0.042302,  0.020311, -0.016799, -33.206665, -9.090909, -139.783691 
   0.042913,  0.020922, -0.014661, -33.265125, -9.821690, -140.865250 
   0.035736,  0.014508, -0.021228, -32.563580, -9.295527, -140.719086 
   0.044593,  0.015730, -0.013592, -33.528210, -10.347852, -141.274475 
   0.044746,  0.020617, -0.016188, -33.498974, -9.295527, -141.157562 
   0.043830,  0.017410, -0.017715, -33.791290, -9.997077, -141.683716 
   0.046731,  0.018479, -0.020159, -33.703594, -9.529378, -141.859100 
   0.037568,  0.016799, -0.019395, -33.908215, -9.646302, -141.566788 
   0.042302,  0.017715, -0.014355, -33.440514, -9.237065, -142.385269 
   0.041844,  0.019548, -0.015424, -33.498974, -9.237065, -141.186783 
   0.039706,  0.018631, -0.014813, -33.586674, -10.026308, -141.157562 
   0.040317,  0.013592, -0.014661, -34.200523, -9.646302, -141.888336 
   0.040317,  0.018173, -0.016035, -33.908215, -9.675533, -140.865250 
   0.036805,  0.019548, -0.012675, -33.586674, -9.353991, -141.976028 
   0.039095,  0.017562, -0.020311, -33.820518, -10.084770, -141.157562 
   0.039401,  0.013744, -0.015272, -33.995907, -9.617071, -141.011398 
   0.035736,  0.021228, -0.018937, -33.995907, -9.266296, -140.748322 
   0.048869,  0.017562, -0.020922, -35.749783, -9.412453, -139.374451 
   0.038026,  0.020464, -0.012523, -34.609760, -7.629348, -139.169830 
   0.036957,  0.016799, -0.017715, -32.592808, -7.395498, -139.432922 
   0.041386,  0.021075, -0.013286, -31.832796, -6.869336, -139.169830 
   0.046120,  0.016188, -0.017410, -29.348145, -7.687811, -138.585205 
   0.039859,  0.014966, -0.019853, -22.391113, -5.290851, -141.976028 
   0.047342,  0.018326, -0.017257, -13.095586, -2.104648, -148.173050 
   0.049175,  0.020464, -0.018326,  20.724934,  2.864659, -186.436707 
   0.039095,  0.020464, -0.020922,  51.037712, -65.331772, -259.047058 
   0.038026,  0.016493, -0.021838,  46.594563, -344.197601, -193.042969 
   0.041233,  0.015272, -0.016341,  103.595436, -957.760925,  758.520874 
   0.038637,  0.018021, -0.016035,  138.322128, -957.760925,  932.738953 
   0.044288,  0.022144, -0.014813,  199.590759, -957.760925,  654.925415 
   0.038332,  0.015882, -0.014966,  148.786896, -957.760925,  449.254608 
   0.045051,  0.016341, -0.016188,  201.169250, -957.760925,  482.052032 
   0.040164,  0.019548, -0.014966,  202.952362, -957.760925,  514.440186 
   0.039095,  0.020006, -0.013897,  321.718781, -957.760925,  827.974304 
   0.042455,  0.020159, -0.017257,  403.595459, -957.760925,  957.731628 
   0.038179,  0.016646, -0.017562,  157.380875, -837.679016, -483.893585 
   0.034819,  0.016799, -0.014508, -90.236771, -345.893036, -460.099365 
   0.038637,  0.019700, -0.013286, -179.772003, -70.096466, -957.848572 
   0.044440,  0.024893, -0.019242, -275.211945,  43.057587, -957.848572 
   0.042150,  0.017257, -0.016646, -220.286469, -27.331188, -957.848572 
   0.037263,  0.020617, -0.014661, -19.087986,  19.204912, -269.979553 
   0.040470,  0.014966, -0.011148, -27.243496,  1.198480, -144.811462 
   0.046426,  0.020617, -0.020922, -31.102016, -2.367729, -138.322128 
   0.038332,  0.017410, -0.012217, -33.732826, -2.601578, -137.883667 
   0.042913,  0.018173, -0.013439, -34.463608, -2.396960, -138.263672 
   0.036499,  0.018021, -0.016646, -33.031281, -4.209296, -138.760590 
   0.038332,  0.019242, -0.016646, -33.645134, -9.149372, -138.292892 
   0.047342,  0.017715, -0.016341, -33.294357, -8.418591, -139.637527 
   0.041233,  0.015882, -0.018937, -34.142067, -9.470915, -139.812927 
   0.045051,  0.012370, -0.020922, -34.054367, -9.587840, -139.900620 
   0.036805,  0.017410, -0.014508, -34.785152, -9.353991, -139.900620 
   0.039706,  0.013897, -0.018631, -34.142067, -8.944753, -140.397552 
   0.039095,  0.016188, -0.021686, -34.434376, -9.500146, -140.660614 
   0.038179,  0.016341, -0.019395, -34.609760, -9.675533, -139.842148 
   0.038943,  0.018173, -0.013286, -33.849751, -9.207834, -140.192932 
   0.034667,  0.012675, -0.012217, -34.434376, -8.857059, -139.491379 
   0.038026,  0.016341, -0.016493, -33.791290, -8.886291, -140.163696 
   0.040623,  0.015424, -0.013897, -33.615902, -9.090909, -140.105240 
   0.036957,  0.012523, -0.013134, -34.112831, -9.061678, -138.789825 
   0.039706,  0.017562, -0.012981, -34.025139, -9.090909, -140.280609 
   0.040012,  0.016341, -0.014966, -34.054367, -9.412453, -140.251389 
   0.036805,  0.015730, -0.017410, -33.498974, -8.915522, -139.549835 
   0.037415,  0.016493, -0.007178, -33.762058, -8.886291, -140.046768 
   0.043219,  0.017715, -0.017410, -34.112831, -9.470915, -139.754456 
   0.032987,  0.014508, -0.014203, -34.025139, -8.623210, -139.666763 
   0.045662,  0.015424, -0.016952, -33.732826, -8.857059, -139.725235 
   0.041081,  0.015577, -0.016188, -33.615902, -8.915522, -139.432922 
   0.045509,  0.016035, -0.016493, -34.171295, -9.120140, -139.695984 
   0.041386,  0.011759, -0.017868, -33.382053, -8.798597, -140.134460 
   0.039706,  0.018021, -0.016188, -33.995907, -9.032447, -139.549835 
   0.040012,  0.020769, -0.016493, -33.411282, -8.564747, -138.965210 
   0.040012,  0.015730, -0.016646, -33.820518, -8.623210, -140.689865 
   0.041233,  0.018326, -0.014355, -33.645134, -9.237065, -139.637527 
   0.041539,  0.020464, -0.016188, -33.352821, -8.798597, -139.725235 
   0.038637,  0.016035, -0.020159, -33.674366, -9.003215, -139.812927 
   0.038790,  0.013897, -0.014508, -33.177433, -8.389359, -139.900620 
   0.043371,  0.018784, -0.016188, -33.440514, -9.266296, -140.397552 
   0.045357,  0.017410, -0.016646, -33.557438, -8.710903, -138.994446 
   0.038790,  0.018173, -0.019548, -33.177433, -8.535517, -139.695984 
   0.038026,  0.017257, -0.014813, -33.820518, -8.857059, -139.929840 
   0.039706,  0.015119, -0.017868, -34.054367, -9.207834, -138.848297 
   0.040012,  0.018631, -0.014813, -33.995907, -9.003215, -139.695984 
   0.042150,  0.026267, -0.016799, -33.382053, -9.207834, -139.052902 
   0.041844,  0.016646, -0.016799, -33.586674, -8.652440, -139.929840 
   0.041233,  0.016493, -0.014966, -34.171295, -8.593979, -140.309845 
   0.042761,  0.015882, -0.010843, -33.762058, -9.032447, -140.572937 
   0.039554,  0.019548, -0.015119, -33.615902, -9.266296, -140.046768 
   0.044440,  0.022449, -0.013897, -33.878983, -8.973985, -140.192932 
   0.040775,  0.016799, -0.016493, -33.323589, -8.506285, -139.754456 
   0.037110,  0.017715, -0.015119, -33.878983, -9.646302, -139.929840 
   0.039706,  0.015119, -0.020006, -33.498974, -9.383221, -139.111374 
   0.044135,  0.016646, -0.017104, -33.849751, -8.915522, -139.520615 
   0.041386,  0.016799, -0.016646, -33.645134, -9.295527, -140.719086 
   0.038332,  0.018021, -0.015119, -34.142067, -9.003215, -139.988297 
   0.040623,  0.020159, -0.016035, -34.112831, -8.915522, -139.520615 
   0.041233,  0.017868, -0.014355, -33.849751, -9.061678, -139.666763 
   0.045509,  0.017410, -0.016188, -33.908215, -9.558608, -140.134460 
   0.038026,  0.021228, -0.017868, -33.937447, -8.915522, -140.105240 
   0.040470,  0.019853, -0.012981, -33.908215, -9.295527, -139.403687 
   0.042150,  0.014355, -0.016646, -33.937447, -8.944753, -140.543701 
   0.035583,  0.018784, -0.020311, -33.294357, -8.915522, -140.514465 
   0.044440,  0.012828, -0.017257, -33.645134, -9.383221, -139.842148 
   0.038179,  0.019548, -0.013744, -33.265125, -9.032447, -140.251389 
   0.040012,  0.017410, -0.017257, -33.411282, -9.470915, -139.988297 
   0.040012,  0.018173, -0.015577, -33.411282, -9.441684, -139.754456 
   0.039095,  0.020006, -0.018784, -33.645134, -9.353991, -139.052902 
   0.038790,  0.017410, -0.021228, -33.323589, -9.763227, -139.754456 
   0.043830,  0.015730, -0.014203, -33.382053, -9.295527, -138.994446 
   0.041539,  0.018326, -0.015272, -33.995907, -9.295527, -139.783691 
   0.042302,  0.014813, -0.016493, -32.972816, -8.681672, -139.432922 
   0.048717,  0.024282, -0.014355, -33.528210, -8.886291, -139.929840 
   0.036805,  0.019242, -0.018937, -33.557438, -8.915522, -139.608307 
   0.040775,  0.018021, -0.015119, -33.674366, -8.681672, -139.403687 
   0.043982,  0.016952, -0.014966, -33.148201, -9.061678, -139.842148 
   0.040470,  0.017868, -0.017715, -33.674366, -9.178602, -139.345215 
   0.046731,  0.015272, -0.020311, -33.762058, -9.090909, -139.666763 
   0.043066,  0.021533, -0.010843, -33.732826, -8.827827, -139.345215 
   0.044899,  0.020159, -0.017104, -33.382053, -8.593979, -139.842148 
   0.043830,  0.014813, -0.017104, -33.440514, -9.383221, -139.286758 
   0.040317,  0.013286, -0.016952, -33.498974, -9.558608, -139.257523 
   0.041692,  0.018937, -0.017257, -33.060509, -9.266296, -139.549835 
   0.045509,  0.019548, -0.011606, -32.738964, -8.681672, -138.965210 
   0.047189,  0.019395, -0.017410, -33.440514, -9.178602, -139.023666 
   0.043219,  0.019700, -0.019548, -32.358959, -8.477054, -138.146744 
   0.036957,  0.018937, -0.017562, -33.031281, -9.412453, -138.292892 
   0.042302,  0.019853, -0.021838, -32.768196, -9.120140, -138.322128 
   0.045357,  0.016188, -0.016188, -32.388191, -8.973985, -138.585205 
   0.045509,  0.019548, -0.015272, -32.592808, -9.061678, -138.731354 
   0.041844,  0.016493, -0.018784, -32.972816, -9.587840, -138.175980 
   0.039859,  0.020006, -0.014966, -33.411282, -9.061678, -138.848297 
   0.041386,  0.014661, -0.019395, -33.382053, -8.857059, -138.117508 
   0.039706,  0.018631, -0.018173, -33.089741, -9.324759, -138.643677 
   0.040775,  0.018631, -0.014050, -33.528210, -8.418591, -138.497513 
   0.039706,  0.014203, -0.013897, -33.177433, -8.535517, -138.906754 
   0.042608,  0.021075, -0.012370, -33.498974, -8.681672, -138.555984 
   0.037568,  0.020464, -0.012217, -33.265125, -9.032447, -138.760590 
   0.037721,  0.021991, -0.020311, -33.089741, -9.295527, -138.672897 
   0.045509,  0.019853, -0.017868, -32.885124, -9.412453, -139.052902 
   0.042761,  0.022144, -0.014661, -32.563580, -8.944753, -138.497513 
   0.038637,  0.021838, -0.012981, -33.089741, -9.207834, -138.409821 
   0.041233,  0.020464, -0.012828, -33.148201, -8.944753, -138.526749 
   0.038179,  0.019548, -0.014203, -33.177433, -9.763227, -138.585205 
   0.040317,  0.018479, -0.016035, -33.002045, -8.886291, -138.965210 
   0.040928,  0.017715, -0.016799, -33.265125, -9.470915, -139.520615 
   0.048411,  0.018326, -0.020922, -33.615902, -9.558608, -139.608307 
   0.043830,  0.018479, -0.018326, -33.002045, -9.441684, -139.140610 
   0.040775,  0.018784, -0.013592, -33.206665, -8.857059, -139.082138 
   0.043677,  0.021075, -0.018937, -33.060509, -9.412453, -139.228302 
   0.043982,  0.017868, -0.019548, -33.674366, -8.886291, -137.737503 
   0.038179,  0.017562, -0.016646, -33.382053, -9.120140, -138.789825 
   0.043524,  0.012675, -0.012981, -32.768196, -9.529378, -138.614441 
   0.042302,  0.018937, -0.016035, -32.826660, -9.207834, -138.935989 
   0.044288,  0.019395, -0.016799, -33.265125, -9.704765, -138.146744 
   0.041539,  0.016799, -0.016035, -33.148201, -9.178602, -138.731354 
   0.041692,  0.020617, -0.017257, -33.352821, -9.207834, -138.731354 
   0.043219,  0.017410, -0.015577, -33.294357, -9.178602, -138.263672 
   0.042150,  0.016799, -0.014813, -33.206665, -8.915522, -137.942123 
   0.044593,  0.016799, -0.015424, -32.855888, -9.090909, -138.731354 
   0.040928,  0.016952, -0.018784, -32.797428, -9.207834, -138.322128 
   0.038943,  0.017257, -0.016952, -32.709732, -9.178602, -138.789825 
   0.042913,  0.018479, -0.018173, -32.505116, -9.120140, -138.672897 
   0.042608,  0.020769, -0.019700, -32.709732, -9.324759, -139.082138 
   0.042913,  0.016646, -0.015730, -32.943581, -8.769365, -138.468292 
   0.041386,  0.018784, -0.014508, -32.855888, -9.120140, -138.643677 
   0.044746,  0.019700, -0.018631, -33.031281, -9.353991, -138.731354 
   0.044899,  0.017104, -0.018173, -33.177433, -8.944753, -138.789825 
   0.043677,  0.018479, -0.017257, -32.972816, -9.090909, -138.702133 
   0.043219,  0.018173, -0.014661, -33.469746, -9.003215, -138.965210 
   0.040928,  0.020159, -0.016188, -33.235897, -8.710903, -138.409821 
   0.042302,  0.016035, -0.015730, -33.002045, -9.237065, -139.023666 
   0.042608,  0.019548, -0.019395, -33.703594, -8.944753, -139.023666 
   0.039095,  0.019090, -0.016646, -33.002045, -8.506285, -138.292892 
   0.036957,  0.017257, -0.019090, -33.440514, -8.769365, -138.614441 
   0.041539,  0.017257, -0.018326, -33.148201, -8.944753, -138.935989 
   0.046578,  0.021075, -0.019395, -33.732826, -9.120140, -138.877518 
   0.043982,  0.019395, -0.013592, -33.382053, -9.295527, -138.555984 
   0.041081,  0.011759, -0.017410, -33.528210, -8.827827, -138.935989 
   0.042302,  0.018021, -0.018631, -33.586674, -8.272435, -138.322128 
   0.039859,  0.014355, -0.017104, -33.177433, -8.593979, -139.169830 
   0.044746,  0.019395, -0.013592, -33.762058, -8.184741, -138.760590 
   0.035736,  0.020464, -0.023213, -33.586674, -8.330897, -139.286758 
   0.036805,  0.018021, -0.014050, -33.703594, -8.564747, -139.695984 
   0.039554,  0.015424, -0.017562, -34.083603, -8.477054, -139.111374 
   0.041386,  0.018479, -0.016799, -33.002045, -8.681672, -139.403687 
   0.036041,  0.017104, -0.016799, -33.849751, -8.593979, -139.023666 
   0.044135,  0.020311, -0.014355, -33.411282, -9.061678, -138.935989 
   0.045509,  0.025198, -0.014813, -33.265125, -8.798597, -138.994446 
   0.077122,  0.016035, -0.015730, -33.206665, -8.798597, -138.526749 
   0.042150,  0.018021, -0.018021, -33.762058, -9.237065, -139.608307 
   0.040164,  0.017104, -0.014508, -33.732826, -9.237065, -138.643677 
   0.039095,  0.022755, -0.019090, -33.615902, -8.769365, -138.731354 
   0.038790,  0.019700, -0.017257, -33.440514, -9.003215, -139.286758 
   0.041997,  0.023366, -0.017868, -33.645134, -9.266296, -138.906754 
   0.042150,  0.021228, -0.015119, -33.762058, -8.535517, -138.585205 
   0.044135,  0.018173, -0.018479, -33.674366, -9.061678, -139.023666 
   0.037568,  0.018784, -0.017257, -33.382053, -9.587840, -139.257523 
   0.041386,  0.013286, -0.015272, -33.557438, -9.295527, -138.702133 
   0.038637,  0.015577, -0.012217, -33.937447, -9.061678, -138.585205 
   0.040928,  0.014813, -0.014355, -33.382053, -9.324759, -139.812927 
   0.044746,  0.014203, -0.016188, -32.709732, -9.003215, -139.315979 
   0.038637,  0.018784, -0.015577, -33.089741, -9.324759, -139.695984 
   0.036805,  0.017562, -0.011912, -33.498974, -9.324759, -139.111374 
   0.049480,  0.017868, -0.016035, -33.557438, -9.149372, -140.251389 
   0.038943,  0.016188, -0.014050, -33.732826, -9.675533, -139.549835 
   0.041386,  0.017257, -0.013592, -33.586674, -8.944753, -139.900620 
   0.040928,  0.016035, -0.015577, -33.674366, -9.441684, -139.783691 
   0.040470,  0.018784, -0.011759, -33.703594, -9.237065, -139.608307 
   0.044440,  0.014966, -0.011454, -33.294357, -9.587840, -138.789825 
   0.044746,  0.018173, -0.019242, -34.025139, -8.973985, -139.403687 
   0.040164,  0.020311, -0.016493, -33.411282, -8.740134, -139.432922 
   0.043219,  0.014355, -0.015424, -33.294357, -9.412453, -139.169830 
   0.041997,  0.022144, -0.011606, -33.498974, -8.652440, -138.468292 
   0.042608,  0.013439, -0.011148, -33.820518, -9.470915, -139.228302 
   0.040775,  0.019395, -0.017562, -33.498974, -8.944753, -138.439041 
   0.038179,  0.018326, -0.016188, -33.732826, -8.915522, -139.403687 
   0.043219,  0.013744, -0.015730, -33.148201, -8.973985, -138.965210 
   0.001833,  0.014966, -0.016035, -33.002045, -8.769365, -139.491379 
   0.038485,  0.015272, -0.014203, -33.703594, -9.120140, -139.286758 
   0.042302,  0.021380, -0.015424, -34.025139, -9.003215, -139.228302 
   0.041844,  0.020769, -0.014203, -33.498974, -9.207834, -138.672897 
   0.043524,  0.019242, -0.017410, -33.557438, -8.944753, -139.228302 
   0.040470,  0.017715, -0.014355, -33.469746, -9.324759, -139.549835 
   0.038637,  0.020464, -0.017868, -33.674366, -9.441684, -139.374451 
   0.042761,  0.013286, -0.016188, -33.703594, -9.149372, -139.725235 
   0.037874,  0.018173, -0.016952, -33.615902, -9.441684, -139.403687 
   0.042302,  0.016341, -0.014966, -33.791290, -8.623210, -138.351364 
   0.034208,  0.020159, -0.013897, -33.791290, -9.178602, -138.731354 
   0.043677,  0.017868, -0.015730, -33.645134, -8.944753, -138.819061 
   0.038485,  0.018937, -0.017104, -33.206665, -8.857059, -138.263672 
   0.041997,  0.018784, -0.016799, -33.498974, -9.003215, -139.111374 
   0.042455,  0.016646, -0.018937, -33.235897, -8.740134, -139.842148 
   0.044135,  0.016646, -0.013744, -33.440514, -8.827827, -139.432922 
   0.038485,  0.018937, -0.016952, -33.265125, -9.149372, -139.842148 
   0.043219,  0.016035, -0.012675, -32.885124, -8.973985, -138.789825 
   0.046426,  0.016646, -0.016341, -33.177433, -9.178602, -139.959076 
   0.041386,  0.018631, -0.021991, -33.382053, -9.207834, -140.046768 
   0.045509,  0.016035, -0.017562, -33.294357, -9.295527, -140.105240 
   0.043524,  0.019090, -0.017868, -33.118973, -9.090909, -139.169830 
   0.041844,  0.016035, -0.019395, -33.089741, -8.798597, -139.666763 
   0.037415,  0.014508, -0.014050, -33.498974, -8.681672, -139.228302 
   0.033292,  0.019242, -0.013897, -33.235897, -8.418591, -139.783691 
   0.042761,  0.021075, -0.014355, -33.469746, -8.710903, -139.871384 
   0.040928,  0.017257, -0.017257, -33.469746, -9.441684, -139.345215 
   0.039401,  0.016493, -0.013592, -33.323589, -9.646302, -139.754456 
   0.034667,  0.015730, -0.011912, -33.352821, -8.477054, -139.608307 
   0.001833,  0.013286, -0.013744, -33.674366, -9.003215, -139.988297 
   0.039248,  0.016493, -0.015119, -33.615902, -9.617071, -139.199066 
   0.042455,  0.019090, -0.014355, -33.411282, -9.178602, -139.608307 
   0.038637,  0.013744, -0.013286, -34.083603, -9.207834, -139.725235 
   0.041081,  0.012523, -0.013744, -33.908215, -9.149372, -139.812927 
   0.040164,  0.016952, -0.011454, -33.615902, -9.120140, -139.228302 
   0.041081,  0.012217, -0.016646, -33.382053, -9.353991, -139.257523 
   0.040012,  0.021075, -0.020464, -33.908215, -8.710903, -138.672897 
   0.038790,  0.015424, -0.020311, -33.674366, -8.681672, -139.374451 
   0.040928,  0.019242, -0.016799, -33.791290, -9.003215, -138.205200 
   0.040164,  0.014813, -0.019395, -33.878983, -9.529378, -138.468292 
   0.046578,  0.015882, -0.015730, -33.762058, -9.003215, -138.731354 
   0.039706,  0.016952, -0.015730, -33.732826, -9.003215, -138.731354 
   0.042302,  0.014050, -0.012370, -33.674366, -8.886291, -138.965210 
   0.036805,  0.017562, -0.015272, -33.820518, -9.178602, -138.263672 
   0.038790,  0.013439, -0.013134, -33.557438, -9.061678, -138.526749 
   0.037874,  0.017410, -0.016341, -33.557438, -8.798597, -138.935989 
   0.037721,  0.015119, -0.014508, -33.732826, -9.383221, -138.643677 
   0.041844,  0.020617, -0.015272, -33.674366, -9.120140, -139.052902 
   0.037568,  0.017257, -0.017868, -33.674366, -9.149372, -138.848297 
   0.041692,  0.015730, -0.014508, -33.820518, -8.886291, -138.409821 
   0.041539,  0.016952, -0.012981, -33.966675, -8.681672, -138.994446 
   0.041844,  0.019090, -0.016952, -33.849751, -8.915522, -139.637527 
   0.045051,  0.020464, -0.019242, -33.528210, -9.032447, -138.497513 
   0.044135,  0.016493, -0.018479, -33.411282, -9.120140, -139.169830 
   0.040317,  0.022297, -0.014050, -33.586674, -8.915522, -138.059052 
   0.047647,  0.015882, -0.014508, -34.112831, -8.944753, -138.819061 
   0.044440,  0.017868, -0.016952, -33.586674, -8.944753, -138.965210 
   0.039248,  0.020464, -0.017410, -33.586674, -9.295527, -139.315979 
   0.039859,  0.020769, -0.018021, -33.849751, -9.383221, -138.439041 
   0.045509,  0.019853, -0.017715, -33.732826, -8.623210, -139.052902 
   0.044899,  0.019548, -0.019242, -33.849751, -9.237065, -138.263672 
   0.049786,  0.022755, -0.018631, -33.469746, -8.973985, -139.052902 
   0.039706,  0.016493, -0.017715, -33.586674, -8.710903, -138.935989 
   0.043219,  0.019548, -0.021380, -33.352821, -8.213972, -139.111374 
   0.042150,  0.016341, -0.013592, -33.089741, -8.213972, -138.322128 
   0.043524,  0.020617, -0.014203, -33.177433, -8.535517, -139.520615 
   0.040623,  0.017104, -0.016035, -33.469746, -9.003215, -139.549835 
   0.044135,  0.015119, -0.014966, -33.352821, -9.412453, -139.345215 
   0.047037,  0.017562, -0.018021, -33.674366, -9.061678, -139.520615 
   0.001680,  0.016952, -0.017715, -33.586674, -8.798597, -139.052902 
   0.043982,  0.018631, -0.021533, -33.528210, -8.769365, -139.520615 
   0.044288,  0.015730, -0.019242, -33.382053, -8.944753, -139.783691 
   0.040775,  0.023060, -0.014813, -33.615902, -8.740134, -139.666763 
   0.040317,  0.020922, -0.018784, -33.148201, -8.973985, -139.432922 
   0.041692,  0.022144, -0.018173, -33.440514, -8.593979, -139.608307 
   0.041081,  0.018937, -0.009163, -33.732826, -9.090909, -139.140610 
   0.038637,  0.019242, -0.017104, -33.206665, -8.827827, -139.052902 
   0.041692,  0.016952, -0.017257, -33.206665, -9.149372, -139.549835 
   0.045662,  0.017257, -0.018173, -32.651272, -9.237065, -139.432922 
   0.043371,  0.020311, -0.020617, -33.411282, -8.857059, -139.374451 
   0.003665,  0.021380, -0.013592, -33.206665, -8.886291, -139.579071 
   0.039554,  0.021380, -0.012370, -33.294357, -9.090909, -138.760590 
   0.041081,  0.018784, -0.012981, -32.768196, -8.360128, -138.585205 
   0.043371,  0.017104, -0.019090, -33.732826, -8.769365, -139.403687 
   0.045051,  0.017715, -0.018173, -33.352821, -8.652440, -139.286758 
   0.043677,  0.017562, -0.011301, -33.528210, -8.915522, -139.666763 
   0.044746,  0.018173, -0.016035, -33.966675, -9.266296, -140.426773 
   0.042150,  0.019700, -0.014966, -33.294357, -9.324759, -139.432922 
   0.038485,  0.018784, -0.012828, -33.966675, -9.061678, -139.345215 
   0.042302,  0.015272, -0.014050, -33.265125, -8.886291, -138.935989 
   0.041997,  0.019395, -0.016952, -33.382053, -9.617071, -138.672897 
   0.041844,  0.015119, -0.014355, -33.469746, -9.441684, -140.368317 
   0.044593,  0.018326, -0.018173, -33.791290, -9.646302, -139.900620 
   0.041233,  0.016188, -0.015119, -33.674366, -9.295527, -138.526749 
   0.040164,  0.017868, -0.018021, -33.586674, -9.704765, -139.403687 
   0.043066,  0.020311, -0.017562, -33.645134, -9.441684, -139.432922 
   0.041997,  0.019395, -0.018479, -33.294357, -8.886291, -139.345215 
   0.036805,  0.016646, -0.016646, -33.235897, -9.207834, -139.900620 
   0.040623,  0.020159, -0.016799, -33.586674, -9.266296, -138.614441 
   0.039706,  0.018784, -0.014508, -33.206665, -9.295527, -138.088272 
   0.043982,  0.017257, -0.017257, -33.645134, -9.792459, -138.789825 
   0.042761,  0.023213, -0.014508, -33.469746, -9.558608, -139.345215 
   0.040470,  0.018173, -0.016341, -33.411282, -9.763227, -139.637527 
   0.038943,  0.015882, -0.014661, -33.528210, -9.441684, -138.409821 
   0.041233,  0.020159, -0.014813, -33.937447, -9.470915, -139.666763 
   0.042761,  0.014661, -0.020617, -33.820518, -9.617071, -139.111374 
   0.041386,  0.017104, -0.021991, -33.703594, -9.412453, -138.526749 
   0.041539,  0.016799, -0.017257, -33.323589, -9.558608, -139.169830 
   0.045815,  0.018784, -0.017257, -33.177433, -9.178602, -139.052902 
   0.045357,  0.017410, -0.010537, -33.440514, -9.207834, -139.637527 
   0.037568,  0.019395, -0.011301, -33.820518, -9.470915, -139.871384 
   0.041386,  0.022755, -0.018631, -34.434376, -8.944753, -138.848297 
   0.044440,  0.019395, -0.019395, -34.083603, -9.470915, -138.497513 
   0.041844,  0.018021, -0.013897, -33.703594, -9.178602, -139.959076 
   0.037110,  0.017715, -0.016646, -33.966675, -9.295527, -138.877518 
   0.043524,  0.016035, -0.016035, -33.528210, -9.441684, -140.777557 
   0.041844,  0.016188, -0.020159, -33.849751, -8.827827, -139.725235 
   0.044746,  0.020464, -0.012981, -33.674366, -9.003215, -139.871384 
   0.045357,  0.016799, -0.013286, -33.995907, -9.383221, -139.754456 
   0.043677,  0.018326, -0.020311, -33.791290, -9.529378, -139.432922 
   0.039401,  0.011759, -0.013134, -34.112831, -8.710903, -140.251389 
   0.040775,  0.017257, -0.013592, -33.323589, -9.880153, -138.848297 
   0.042761,  0.015577, -0.016646, -33.878983, -8.740134, -139.374451 
   0.047647,  0.017257, -0.019700, -33.762058, -9.324759, -139.549835 
   0.037415,  0.023366, -0.018173, -33.615902, -8.944753, -139.228302 
   0.043830,  0.016799, -0.014813, -33.586674, -9.237065, -139.257523 
   0.039706,  0.017868, -0.013134, -33.294357, -9.207834, -139.842148 
   0.039401,  0.015119, -0.021075, -33.528210, -9.003215, -139.666763 
   0.040623,  0.019242, -0.013134, -33.294357, -9.383221, -139.082138 
   0.041844,  0.019242, -0.015730, -33.995907, -9.090909, -138.935989 
   0.041539,  0.020769, -0.014966, -33.674366, -9.266296, -138.702133 
   0.043066,  0.017104, -0.013592, -33.908215, -9.149372, -139.754456 
   0.037568,  0.018326, -0.019242, -33.586674, -9.324759, -138.935989 
   0.041844,  0.018784, -0.012065, -33.235897, -9.470915, -139.257523 
   0.041692,  0.017104, -0.015577, -33.528210, -9.529378, -138.702133 
   0.043219,  0.022449, -0.019395, -33.762058, -9.178602, -139.374451 
   0.043830,  0.018021, -0.015577, -33.265125, -9.207834, -139.637527 
   0.048717,  0.017410, -0.020159, -33.382053, -9.383221, -139.374451 
   0.046426,  0.019090, -0.011606, -33.674366, -9.383221, -139.403687 
   0.045357,  0.017257, -0.017562, -33.645134, -9.295527, -139.695984 
   0.040775,  0.020617, -0.015577, -33.586674, -9.704765, -139.169830 
   0.039401,  0.021991, -0.017257, -33.440514, -9.090909, -139.345215 
   0.043524,  0.022907, -0.019242, -33.557438, -9.558608, -139.871384 
   0.037874,  0.017410, -0.021838, -33.908215, -9.441684, -139.754456 
   0.039706,  0.021686, -0.017257, -33.206665, -9.470915, -139.637527 
   0.038026,  0.016952, -0.013744, -33.440514, -9.646302, -139.199066 
   0.042150,  0.017562, -0.018479, -33.762058, -9.207834, -140.163696 
   0.043677,  0.014966, -0.014203, -33.089741, -9.207834, -139.637527 
   0.045968,  0.017868, -0.019090, -34.054367, -9.470915, -138.935989 
   0.047800,  0.019395, -0.013897, -33.615902, -9.237065, -139.491379 
   0.044135,  0.016952, -0.015730, -33.498974, -8.944753, -139.082138 
   0.041539,  0.021228, -0.013744, -33.645134, -9.470915, -139.374451 
   0.043371,  0.016646, -0.017562, -33.206665, -9.237065, -139.228302 
   0.041081,  0.023671, -0.015577, -33.878983, -8.915522, -139.725235 
   0.039706,  0.021075, -0.020006, -33.498974, -9.617071, -139.169830 
   0.045662,  0.016799, -0.020311, -33.440514, -9.061678, -139.052902 
   0.045509,  0.019090, -0.020159, -34.229759, -9.792459, -138.555984 
   0.045662,  0.019700, -0.015119, -33.645134, -9.207834, -138.526749 
   0.041539,  0.017104, -0.018937, -33.820518, -9.500146, -138.702133 
   0.040775,  0.018784, -0.017104, -33.645134, -8.652440, -139.082138 
   0.049175,  0.022449, -0.016493, -33.645134, -9.178602, -137.971359 
   0.039706,  0.013286, -0.017715, -33.645134, -9.207834, -139.725235 
   0.043982,  0.016952, -0.016035, -33.674366, -9.412453, -138.380585 
   0.040470,  0.017562, -0.014508, -33.528210, -9.529378, -138.555984 
   0.041692,  0.016952, -0.013897, -33.411282, -9.470915, -139.052902 
   0.044440,  0.016952, -0.014355, -33.557438, -9.295527, -138.000580 
   0.033445,  0.015882, -0.015882, -33.294357, -9.207834, -137.649811 
   0.045815,  0.018784, -0.018784, -33.966675, -8.798597, -139.023666 
   0.043524,  0.021533, -0.014355, -33.615902, -9.090909, -138.555984 
   0.043830,  0.013744, -0.015119, -33.849751, -9.792459, -139.315979 
   0.039554,  0.022297, -0.014050, -33.528210, -9.061678, -139.023666 
   0.043219,  0.016035, -0.019242, -33.235897, -9.617071, -138.702133 
   0.040012,  0.019548, -0.016035, -33.528210, -9.061678, -138.205200 
   0.041386,  0.019700, -0.016493, -33.265125, -9.500146, -138.263672 
   0.045357,  0.018479, -0.015424, -33.323589, -9.266296, -138.877518 
   0.045968,  0.022449, -0.022144, -33.382053, -9.470915, -138.819061 
   0.040928,  0.019548, -0.015272, -33.732826, -9.324759, -140.046768 
   0.043066,  0.020464, -0.020159, -33.352821, -8.915522, -138.994446 
   0.044135,  0.016799, -0.016646, -33.674366, -9.207834, -138.585205 
   0.047647,  0.023366, -0.024435, -33.791290, -8.740134, -139.549835 
   0.040164,  0.021686, -0.017257, -34.142067, -9.061678, -139.052902 
   0.043371,  0.020006, -0.018173, -33.645134, -9.032447, -139.315979 
   0.042913,  0.020311, -0.020922, -33.849751, -9.500146, -139.432922 
   0.038790,  0.019242, -0.016952, -33.966675, -8.798597, -138.877518 
   0.044440,  0.021991, -0.016493, -33.382053, -9.207834, -138.965210 
   0.042913,  0.020006, -0.016799, -33.060509, -8.798597, -138.263672 
   0.038026,  0.024587, -0.015272, -33.352821, -8.827827, -137.737503 
   0.038179,  0.017410, -0.018173, -33.177433, -8.944753, -138.672897 
   0.044135,  0.016493, -0.012828, -32.738964, -8.769365, -137.094421 
   0.042913,  0.020617, -0.016493, -33.002045, -9.266296, -137.152878 
   0.042455,  0.021228, -0.020464, -33.089741, -9.967846, -137.328262 
   0.037263,  0.015577, -0.013134, -33.031281, -9.763227, -137.357498 
   0.047189,  0.017257, -0.017104, -33.498974, -9.733995, -138.409821 
   0.049480,  0.019242, -0.015272, -33.498974, -9.763227, -137.942123 
   0.037874,  0.013744, -0.012981, -33.265125, -9.675533, -138.000580 
   0.042455,  0.018784, -0.016799, -33.002045, -10.201695, -138.351364 
   0.039248,  0.015730, -0.016646, -33.265125, -9.792459, -139.023666 
   0.036957,  0.013439, -0.015577, -33.411282, -9.821690, -138.526749 
   0.041539,  0.018784, -0.020159, -33.265125, -10.260158, -138.088272 
   0.044135,  0.017868, -0.016188, -33.265125, -9.938614, -137.620575 
   0.043371,  0.018021, -0.014661, -32.505116, -9.529378, -138.205200 
   0.038332,  0.012065, -0.014966, -32.855888, -9.704765, -137.474411 
   0.037874,  0.018326, -0.016493, -32.651272, -9.558608, -137.912888 
   0.044288,  0.017257, -0.014355, -33.177433, -9.470915, -137.708267 
   0.042761,  0.016646, -0.017410, -32.651272, -9.441684, -138.702133 
   0.041233,  0.017257, -0.019700, -33.002045, -9.237065, -138.059052 
   0.037110,  0.019242, -0.015577, -33.411282, -9.353991, -138.760590 
   0.043219,  0.020159, -0.021533, -32.972816, -9.558608, -138.672897 
   0.042150,  0.018326, -0.020922, -33.235897, -9.295527, -138.380585 
   0.045968,  0.016188, -0.019548, -33.528210, -8.944753, -138.731354 
   0.040012,  0.017410, -0.018631, -33.586674, -9.324759, -139.754456 
   0.042455,  0.018479, -0.018784, -33.528210, -9.353991, -140.046768 
   0.043219,  0.018173, -0.021228, -33.440514, -9.646302, -138.088272 
   0.043371,  0.025198, -0.012370, -33.323589, -9.149372, -139.169830 
   0.046426,  0.022297, -0.018173, -33.411282, -9.061678, -139.462143 
   0.041386,  0.014203, -0.011912, -33.557438, -8.535517, -137.883667 
   0.040164,  0.013744, -0.011606, -33.966675, -9.090909, -138.760590 
   0.040317,  0.020464, -0.017868, -33.762058, -9.324759, -139.403687 
   0.042608,  0.018173, -0.017868, -33.177433, -8.681672, -138.789825 
   0.041997,  0.020464, -0.016493, -32.855888, -8.535517, -139.579071 
   0.041386,  0.021228, -0.018631, -33.382053, -9.441684, -138.497513 
   0.040775,  0.014661, -0.016035, -33.265125, -8.769365, -138.906754 
   0.039554,  0.022907, -0.012523, -33.469746, -8.623210, -138.819061 
   0.041539,  0.020006, -0.016035, -32.914352, -8.857059, -139.082138 
   0.040470,  0.017410, -0.015119, -33.411282, -8.973985, -139.257523 
   0.041386,  0.019395, -0.015119, -33.586674, -9.704765, -139.754456 
   0.038943,  0.019853, -0.015119, -32.826660, -8.915522, -139.608307 
   0.046273,  0.019700, -0.015730, -33.089741, -9.295527, -139.052902 
   0.040317,  0.020617, -0.016493, -33.411282, -9.237065, -139.695984 
   0.040012,  0.017104, -0.019700, -33.265125, -9.149372, -139.403687 
   0.038332,  0.018479, -0.015119, -33.703594, -9.441684, -139.403687 
   0.042150,  0.017715, -0.016341, -33.206665, -9.120140, -138.789825 
   0.042761,  0.019242, -0.017104, -33.937447, -9.120140, -139.082138 
   0.040775,  0.018631, -0.017868, -33.820518, -9.383221, -139.403687 
   0.047037,  0.014966, -0.014966, -32.972816, -9.149372, -139.842148 
   0.040317,  0.016341, -0.014813, -33.966675, -9.120140, -140.660614 
   0.045051,  0.015882, -0.018937, -33.498974, -9.207834, -139.666763 
   0.045051,  0.020617, -0.013286, -33.177433, -9.178602, -138.965210 
   0.045662,  0.019700, -0.020464, -33.732826, -9.704765, -139.929840 
   0.039554,  0.012981, -0.016646, -33.586674, -9.032447, -139.315979 
   0.040317,  0.019395, -0.020617, -33.148201, -9.120140, -138.877518 
   0.041233,  0.017715, -0.015272, -33.382053, -8.740134, -139.666763 
   0.043066,  0.021533, -0.023671, -33.586674, -9.090909, -139.286758 
   0.043830,  0.020311, -0.019700, -33.411282, -9.470915, -139.549835 
   0.042302,  0.018326, -0.019700, -33.498974, -9.500146, -139.988297 
   0.039248,  0.017562, -0.020006, -33.528210, -9.149372, -138.468292 
   0.041081,  0.012217, -0.019700, -33.235897, -9.178602, -138.614441 
   0.042455,  0.018631, -0.021838, -33.177433, -8.593979, -138.468292 
   0.041997,  0.020006, -0.015119, -33.586674, -9.090909, -138.585205 
   0.039248,  0.022602, -0.015577, -33.206665, -9.178602, -139.052902 
   0.043524,  0.013439, -0.017715, -33.762058, -9.090909, -139.082138 
   0.042150,  0.017410, -0.016646, -33.528210, -8.798597, -138.088272 
   0.040623,  0.021533, -0.014355, -33.615902, -8.886291, -138.702133 
   0.047037,  0.021380, -0.016493, -33.469746, -8.857059, -137.503662 
   0.041386,  0.021075, -0.014966, -33.820518, -8.827827, -139.228302 
   0.041997,  0.012675, -0.015272, -34.025139, -9.295527, -138.380585 
   0.036346,  0.014966, -0.017257, -33.674366, -9.617071, -139.579071 
   0.045815,  0.020006, -0.020311, -33.294357, -8.915522, -139.549835 
   0.043830,  0.021075, -0.015119, -33.586674, -8.593979, -138.935989 
   0.040012,  0.019700, -0.012828, -33.206665, -8.973985, -139.169830 
   0.044440,  0.019700, -0.016493, -33.937447, -9.178602, -139.462143 
   0.038026,  0.020311, -0.017410, -33.820518, -8.740134, -138.672897 
   0.043524,  0.020769, -0.019548, -33.440514, -8.535517, -139.374451 
   0.040623,  0.021380, -0.017410, -34.083603, -9.090909, -138.819061 
   0.039554,  0.021075, -0.015577, -33.937447, -8.623210, -139.491379 
   0.037263,  0.015882, -0.015119, -33.878983, -8.652440, -139.608307 
   0.040775,  0.018326, -0.014355, -33.528210, -8.506285, -139.286758 
   0.044746,  0.016035, -0.015272, -33.995907, -8.857059, -139.725235 
   0.044440,  0.017562, -0.016035, -34.112831, -8.973985, -139.082138 
   0.041844,  0.019700, -0.017868, -34.171295, -8.857059, -139.023666 
   0.045662,  0.014966, -0.022755, -34.317451, -8.564747, -138.760590 
   0.043830,  0.019395, -0.016493, -34.463608, -9.120140, -138.614441 
   0.038485,  0.015730, -0.014203, -33.820518, -8.389359, -139.695984 
   0.039706,  0.019700, -0.018937, -33.820518, -8.915522, -138.935989 
   0.039859,  0.022449, -0.017257, -33.586674, -9.324759, -139.199066 
   0.041386,  0.017257, -0.018021, -33.118973, -9.061678, -139.637527 
   0.038637,  0.020159, -0.017562, -33.469746, -9.675533, -139.315979 
   0.046578,  0.021075, -0.015577, -33.118973, -9.324759, -139.754456 
   0.038179,  0.020006, -0.013592, -33.908215, -9.558608, -138.877518 
   0.036805,  0.015730, -0.019242, -33.528210, -9.733995, -139.403687 
   0.041539,  0.019853, -0.016493, -33.352821, -8.944753, -139.169830 
   0.044593,  0.018021, -0.017410, -33.177433, -9.646302, -139.783691 
   0.041233,  0.017257, -0.019548, -33.615902, -9.324759, -139.140610 
   0.041081,  0.015882, -0.014203, -33.820518, -9.237065, -138.935989 
   0.044440,  0.020464, -0.015577, -33.498974, -9.266296, -138.234436 
   0.044288,  0.021380, -0.019548, -33.674366, -9.617071, -139.315979 
   0.040775,  0.016952, -0.016035, -34.083603, -9.003215, -138.702133 
   0.045357,  0.014355, -0.021991, -33.265125, -9.441684, -139.666763 
   0.044288,  0.016035, -0.018937, -33.586674, -9.675533, -139.491379 
   0.040470,  0.018173, -0.014508, -33.674366, -9.207834, -139.842148 
   0.037721,  0.020922, -0.016493, -33.732826, -9.237065, -138.965210 
   0.037874,  0.020464, -0.016493, -33.498974, -8.915522, -139.286758 
   0.039859,  0.018937, -0.013744, -33.294357, -9.500146, -139.549835 
   0.040470,  0.020006, -0.016799, -33.498974, -9.558608, -139.491379 
   0.044593,  0.018631, -0.014050, -33.615902, -9.149372, -139.052902 
   0.043066,  0.014813, -0.012675, -33.469746, -9.178602, -140.017532 
   0.038637,  0.023366, -0.015272, -33.995907, -9.149372, -140.046768 
   0.039706,  0.019242, -0.014203, -33.849751, -9.120140, -139.345215 
   0.040164,  0.018479, -0.013439, -33.732826, -8.740134, -139.052902 
   0.044593,  0.019853, -0.016646, -33.732826, -8.389359, -138.731354 
   0.037874,  0.018937, -0.018021, -33.528210, -9.324759, -139.754456 
   0.039706,  0.022297, -0.016035, -33.762058, -9.120140, -139.257523 
   0.037415,  0.018631, -0.014355, -33.498974, -9.237065, -139.432922 
   0.040012,  0.018631, -0.014966, -33.323589, -8.798597, -138.935989 
   0.038637,  0.018021, -0.017562, -33.645134, -8.857059, -138.117508 
   0.043371,  0.018631, -0.014050, -33.557438, -9.120140, -138.614441 
   0.047647,  0.018784, -0.022449, -33.528210, -8.973985, -138.965210 
   0.039859,  0.020464, -0.017562, -32.855888, -9.617071, -139.988297 
   0.046731,  0.017410, -0.015577, -33.089741, -9.149372, -138.468292 
   0.043219,  0.015730, -0.016646, -33.031281, -9.178602, -139.725235 
   0.044288,  0.013439, -0.018631, -33.615902, -9.149372, -139.111374 
   0.037874,  0.020617, -0.013134, -33.235897, -9.237065, -139.374451 
   0.037415,  0.018326, -0.016341, -33.849751, -9.500146, -139.199066 
   0.046273,  0.018021, -0.015272, -33.557438, -9.646302, -139.169830 
   0.043524,  0.019395, -0.017562, -33.557438, -9.090909, -139.403687 
   0.040928,  0.020922, -0.020159, -33.177433, -9.120140, -139.695984 
   0.042150,  0.020769, -0.021533, -33.352821, -9.617071, -139.871384 
   0.039706,  0.017868, -0.018021, -33.177433, -9.295527, -139.549835 
   0.038943,  0.016341, -0.013592, -32.972816, -9.646302, -139.549835 
   0.041539,  0.018479, -0.018021, -33.118973, -9.383221, -139.725235 
   0.041233,  0.018784, -0.018326, -32.943581, -8.857059, -139.637527 
   0.042302,  0.019242, -0.015577, -33.382053, -8.447823, -139.228302 
   0.041081,  0.019853, -0.018021, -33.206665, -9.353991, -138.906754 
   0.044899,  0.018021, -0.014355, -32.972816, -8.740134, -139.403687 
   0.049022,  0.021380, -0.021991, -33.265125, -9.500146, -139.695984 
   0.043982,  0.018021, -0.014355, -33.440514, -9.324759, -139.228302 
   0.040012,  0.018631, -0.014508, -33.440514, -8.798597, -139.608307 
   0.002596,  0.018631, -0.017868, -33.118973, -9.003215, -139.579071 
   0.050396,  0.016341, -0.020159, -33.382053, -9.207834, -139.111374 
   0.045509,  0.021228, -0.021838, -33.469746, -8.857059, -139.315979 
   0.041997,  0.015119, -0.015272, -33.031281, -9.207834, -139.579071 
   0.038790,  0.017715, -0.015272, -33.235897, -9.237065, -139.754456 
   0.045204,  0.018326, -0.018784, -33.703594, -9.149372, -139.169830 
   0.043066,  0.017410, -0.021838, -33.148201, -8.857059, -138.935989 
   0.040012,  0.018479, -0.017410, -33.265125, -8.973985, -139.052902 
   0.040928,  0.019700, -0.018937, -32.738964, -9.032447, -140.368317 
   0.044288,  0.021075, -0.017410, -32.972816, -8.886291, -138.585205 
   0.040623,  0.018631, -0.020464, -33.148201, -9.090909, -140.134460 
   0.042302,  0.017410, -0.017104, -32.914352, -8.944753, -139.549835 
   0.040164,  0.020617, -0.013286, -33.118973, -8.593979, -138.935989 
   0.039554,  0.018021, -0.015272, -33.235897, -8.593979, -139.871384 
   0.038179,  0.016493, -0.019090, -32.943581, -8.944753, -138.994446 
   0.040164,  0.016035, -0.014661, -33.265125, -8.740134, -139.666763 
   0.043066,  0.022755, -0.017562, -33.148201, -9.412453, -139.228302 
   0.044440,  0.015577, -0.019395, -32.914352, -9.295527, -139.637527 
   0.045204,  0.018937, -0.014050, -33.206665, -9.295527, -139.052902 
   0.035125,  0.022449, -0.013897, -33.528210, -9.061678, -139.491379 
   0.040470,  0.017562, -0.021380, -33.089741, -9.383221, -139.286758 
   0.037415,  0.017410, -0.013286, -33.118973, -9.353991, -139.023666 
   0.043830,  0.015272, -0.017562, -33.089741, -9.178602, -139.695984 
   0.040164,  0.018631, -0.021075, -33.294357, -9.295527, -139.637527 
   0.039095,  0.018173, -0.017868, -33.528210, -8.769365, -139.315979 
   0.042608,  0.018326, -0.019395, -33.762058, -9.266296, -139.023666 
   0.034972,  0.018326, -0.014355, -33.235897, -9.324759, -139.140610 
   0.039706,  0.020769, -0.018937, -33.206665, -9.558608, -138.848297 
   0.043066,  0.018631, -0.021838, -33.469746, -9.295527, -139.666763 
   0.041844,  0.015272, -0.021991, -33.323589, -10.055539, -139.695984 
   0.043524,  0.019395, -0.020311, -33.498974, -9.529378, -140.602158 
   0.038332,  0.020769, -0.019700, -33.645134, -9.646302, -139.842148 
   0.046120,  0.017562, -0.015577, -33.791290, -9.295527, -139.579071 
   0.048869,  0.017257, -0.020006, -32.972816, -9.558608, -140.280609 
   0.040775,  0.019700, -0.020769, -32.972816, -9.412453, -139.929840 
   0.040775,  0.016952, -0.021686, -33.908215, -9.646302, -140.280609 
   0.039401,  0.016646, -0.019700, -33.352821, -9.383221, -140.192932 
   0.045051,  0.015119, -0.019090, -33.002045, -9.850921, -140.222153 
   0.045662,  0.021686, -0.015577, -33.294357, -9.383221, -139.403687 
   0.038637,  0.018784, -0.017715, -33.002045, -9.675533, -139.023666 
   0.045509,  0.017410, -0.018631, -32.768196, -10.318621, -139.842148 
   0.042302,  0.020159, -0.013592, -32.417423, -10.201695, -139.842148 
   0.045815,  0.016952, -0.013134, -31.862030, -9.821690, -139.637527 
   0.039401,  0.020617, -0.009774, -31.891260, -10.114001, -139.052902 
   0.042608,  0.019395, -0.016188, -32.505116, -10.289389, -140.806778 
   0.040623,  0.016952, -0.017562, -34.171295, -9.997077, -141.508331 
   0.038026,  0.017562, -0.016646, -34.171295, -9.032447, -141.099091 
   0.045357,  0.019548, -0.016188, -34.405144, -9.587840, -140.222153 
   0.043677,  0.019548, -0.018173, -34.580532, -9.470915, -140.309845 
   0.039859,  0.016188, -0.017104, -34.405144, -10.026308, -140.543701 
   0.038332,  0.019395, -0.018021, -34.346684, -9.587840, -141.099091 
   0.043830,  0.018173, -0.017104, -34.083603, -10.172464, -140.280609 
   0.037568,  0.018631, -0.016341, -34.755917, -10.026308, -140.836014 
   0.041386,  0.016188, -0.018479, -34.492840, -10.347852, -140.426773 
   0.043066,  0.016952, -0.019548, -34.609760, -10.874014, -139.988297 
   0.040928,  0.020617, -0.017104, -34.405144, -10.961707, -140.777557 
   0.042455,  0.018326, -0.016188, -33.878983, -10.581701, -140.894470 
   0.042150,  0.024435, -0.017715, -34.288219, -10.260158, -140.397552 
   0.040317,  0.019700, -0.018937, -33.674366, -9.792459, -139.491379 
   0.039554,  0.019700, -0.015882, -34.522068, -10.230927, -140.368317 
   0.043524,  0.016646, -0.014966, -35.603626, -9.558608, -140.163696 
   0.035888,  0.025045, -0.014661, -35.779011, -9.704765, -139.666763 
   0.044135,  0.016035, -0.016341, -35.019001, -10.523239, -138.906754 
   0.038943,  0.016952, -0.018937, -36.159019, -10.260158, -138.643677 
   0.043830,  0.019853, -0.014050, -36.655949, -11.341713, -138.585205 
   0.042608,  0.020006, -0.018021, -37.152882, -13.007893, -138.117508 
   0.041692,  0.021991, -0.016952, -37.737503, -13.534054, -137.562119 
   0.043677,  0.017410, -0.016493, -38.935982, -14.118679, -137.094421 
   0.046426,  0.016493, -0.016799, -40.602161, -16.544870, -136.889801 
   0.044899,  0.020006, -0.016341, -42.151417, -18.854137, -134.872849 
   0.045357,  0.017562, -0.016341, -44.606842, -22.274189, -134.229752 
   0.041692,  0.020159, -0.012675, -46.126862, -24.612686, -131.803558 
   0.043524,  0.016188, -0.015424, -47.529964, -27.565039, -131.014328 
   0.041997,  0.017410, -0.014508, -49.605377, -30.838936, -128.646606 
   0.041844,  0.018326, -0.018173, -50.453083, -33.528210, -128.032745 
   0.038026,  0.019090, -0.019548, -51.066940, -35.545162, -125.928093 
   0.042302,  0.023213, -0.017410, -52.206959, -37.649811, -125.372696 
   0.041081,  0.021075, -0.017868, -53.902370, -40.485237, -124.378838 
   0.036805,  0.018784, -0.018631, -54.779305, -43.963753, -122.975746 
   0.044440,  0.018479, -0.015730, -58.725517, -50.891556, -120.871094 
   0.041997,  0.022755, -0.016799, -63.022507, -57.527042, -120.403381 
   0.038943,  0.020769, -0.015882, -67.144104, -63.928677, -119.000290 
   0.039706,  0.017562, -0.018173, -71.178017, -71.499565, -116.749489 
   0.041081,  0.017715, -0.015730, -77.871964, -84.010521, -110.084770 
   0.040470,  0.015882, -0.014661, -85.501312, -97.603043, -103.800056 
   0.047037,  0.016035, -0.011912, -100.555397, -113.943291, -94.358376 
   0.040470,  0.020922, -0.016799, -128.471207, -136.977493, -83.133583 
   0.035583,  0.015424, -0.016341, -169.453369, -163.811752, -67.319496 
   0.040164,  0.019853, -0.014966, -207.249329, -187.138260, -46.448406 
   0.042761,  0.020464, -0.016493, -245.922256, -209.295532, -35.282082 
   0.044593,  0.021075, -0.012981, -297.018402, -237.415955, -21.134171 
   0.040928,  0.017868, -0.015577, -372.698059, -275.767334,  0.058462 
   0.040775,  0.017715, -0.017104, -509.617096, -316.486420,  16.252558 
   0.039706,  0.018479, -0.021533, -721.221863, -358.842438,  64.367142 
   0.042302,  0.016952, -0.018631, -899.239990, -409.792480,  65.741005 
   0.040317,  0.020006, -0.019242, -957.760925, -420.491089,  67.202576 
   0.044288,  0.022297, -0.020769, -957.760925, -421.104950,  30.780474 
   0.044135,  0.016646, -0.012217, -957.760925, -411.721710,  26.366558 
   0.038026,  0.014966, -0.015730, -957.760925, -413.329468,  68.254890 
   0.038332,  0.016341, -0.013897, -957.760925, -413.241730,  77.901199 
   0.042761,  0.014813, -0.019700, -957.760925, -412.481750,  97.135338 
   0.000611,  0.016646, -0.015730, -957.760925, -475.358093,  164.279449 
   0.041081,  0.018479, -0.016035, -957.760925, -523.121887,  192.312195 
   0.041081,  0.017715, -0.018021, -957.760925, -516.544861,  236.772873 
   0.040317,  0.017715, -0.015882, -957.760925, -133.908218,  278.251984 
   0.040470,  0.018021, -0.018479, -656.094666,  254.779312,  112.452492 
   0.043066,  0.016035, -0.016646, -176.965790,  96.638412, -69.307220 
   0.044746,  0.018479, -0.012981, -61.473255,  26.074249, -123.501900 
   0.042150,  0.021533, -0.016646, -36.305176,  3.975446, -138.935989 
   0.043830,  0.020922, -0.020159, -31.189711, -2.426191, -142.677582 
   0.044593,  0.019090, -0.012370, -29.728149, -5.349313, -144.051437 
   0.042761,  0.016188, -0.015730, -28.705057, -6.313943, -145.045303 
   0.040470,  0.014966, -0.011606, -29.260450, -7.863198, -144.139130 
   0.043830,  0.020006, -0.016188, -28.675825, -7.658579, -144.723755 
   0.041844,  0.022297, -0.018021, -28.266588, -8.447823, -144.752991 
   0.041997,  0.020464, -0.021838, -28.295820, -8.710903, -144.811462 
   0.041539,  0.019395, -0.016799, -29.348145, -6.430868, -143.379135 
   0.045357,  0.021686, -0.020617, -30.809704, -6.313943, -142.882202 
   0.044746,  0.018631, -0.016341, -28.734287, -4.852383, -144.489914 
   0.042302,  0.016952, -0.015272, -23.881907, -6.810874, -152.528503 
   0.039554,  0.021228, -0.018479, -14.907922, -12.861736, -166.764099 
   0.041692,  0.021991, -0.016493,  17.129494, -32.563580, -212.335556 
   0.038790,  0.020311, -0.011301,  77.696579, -114.294067, -312.627899 
   0.046273,  0.017868, -0.018937,  186.319794, -346.682251, -523.969604 
   0.042302,  0.015119, -0.015577,  250.774628, -957.760925, -919.321838 
   0.043066,  0.015272, -0.010079, -8.389359, -957.760925, -957.848572 
   0.038637,  0.021686, -0.018631,  957.819336,  957.819336, -957.848572 
   0.038943,  0.021228, -0.019548, -957.760925,  957.819336, -957.848572 
   0.043524,  0.021380, -0.012065, -156.094711,  957.819336, -957.848572 
   0.040928,  0.022602, -0.017257, -18.795673,  957.819336, -957.848572 
   0.044288,  0.018937, -0.016341, -31.248173,  957.819336, -957.848572 
   0.045662,  0.019548, -0.019700,  257.556274,  957.819336, -957.848572 
   0.044135,  0.020464, -0.020311, -957.760925,  957.819336, -957.848572 
   0.040470,  0.023213, -0.018326,  957.819336, -957.760925, -957.848572 
   0.042455,  0.021838, -0.017410,  957.819336, -957.760925, -957.848572 
   0.037874,  0.016952, -0.011759,  690.704468, -957.760925, -957.848572 
   0.041997,  0.018631, -0.020922,  601.958496, -957.760925, -957.848572 
   0.041692,  0.019242, -0.015424,  753.726929, -957.760925, -957.848572 
   0.040623,  0.016646, -0.020922,  896.696838, -957.760925, -957.848572 
   0.041692,  0.018937, -0.016188,  957.819336, -957.760925, -957.848572 
   0.043371,  0.019242, -0.021533, -957.760925,  957.819336, -957.848572 
   0.039859,  0.016341, -0.022602,  416.018738, -957.760925, -957.848572 
   0.044899,  0.019853, -0.016646,  29.962000, -114.498688, -310.903229 
   0.042302,  0.021838, -0.015882, -17.509501,  2.835428, -133.002045 
   0.043371,  0.018021, -0.015577, -27.097342,  17.772581, -98.392281 
   0.046120,  0.020617, -0.017868, -29.523531,  19.058756, -87.079796 
   0.039859,  0.017410, -0.014355, -30.166616,  18.386436, -85.238235 
   0.036499,  0.021228, -0.014508, -29.669687,  18.269512, -84.770538 
   0.037415,  0.019090, -0.015730, -30.078924,  18.707981, -85.296700 
   0.040317,  0.019242, -0.021838, -29.991230,  18.620287, -87.722885 
   0.046273,  0.018021, -0.019090, -28.821981,  18.298744, -95.059929 
   0.038332,  0.017868, -0.017562, -24.612686,  11.867875, -137.708267 
   0.038790,  0.020006, -0.016493, -23.501900, -58.170128, -289.593689 
   0.038179,  0.013592, -0.016188, -44.226833, -277.170410, -557.497803 
   0.038179,  0.015424, -0.014355, -87.138268, -600.760010, -885.589050 
   0.039248,  0.014508, -0.014355, -205.407791, -957.760925, -957.848572 
   0.044593,  0.016646, -0.016035,  957.819336, -957.760925, -957.848572 
   0.038332,  0.013286, -0.012217,  957.819336,  957.819336, -957.848572 
   0.039859,  0.018631, -0.021533, -613.884827,  957.819336, -957.848572 
   0.042302,  0.017257, -0.021686,  957.819336, -794.036804, -957.848572 
   0.041539,  0.017562, -0.016952,  957.819336, -481.788971, -957.848572 
   0.037568,  0.019242, -0.016799,  957.819336,  957.819336, -957.848572 
   0.039248,  0.020617, -0.015882, -880.356567,  466.851807, -957.848572 
   0.036346,  0.022449, -0.015424, -650.716187,  350.628479, -957.848572 
   0.042761,  0.017410, -0.017868, -174.042679,  760.040894, -957.848572 
   0.044593,  0.019548, -0.018631, -76.995033,  684.068970, -957.848572 
   0.037568,  0.019853, -0.017868, -523.531128,  408.915527, -957.848572 
   0.037415,  0.018479, -0.015577, -819.351074, -269.745697, -957.848572 
   0.041539,  0.014050, -0.020464,  390.558319, -556.270081, -957.848572 
   0.040470,  0.017562, -0.017868,  957.819336, -794.007568, -957.848572 
   0.043524,  0.018021, -0.017562,  226.337341, -11.546331, -957.848572 
   0.041692,  0.020464, -0.014050,  957.819336, -957.760925, -957.848572 
   0.042150,  0.021380, -0.016952, -957.760925,  890.675232, -957.848572 
   0.039095,  0.017868, -0.016035,  720.432617, -957.760925, -957.848572 
   0.041692,  0.017104, -0.015577,  696.609192, -957.760925, -957.848572 
   0.042913,  0.017104, -0.015730,  707.395508, -957.760925, -957.848572 
   0.001833,  0.016646, -0.016341,  779.771973, -957.760925, -957.848572 
   0.041386,  0.018021, -0.020159,  896.901489, -957.760925, -957.848572 
   0.042913,  0.018784, -0.015730,  905.144714, -957.760925, -957.848572 
   0.041233,  0.018937, -0.020617,  889.710632, -957.760925, -957.848572 
   0.038637,  0.018631, -0.015730,  901.783081, -957.760925, -957.848572 
   0.044135,  0.019853, -0.014050,  957.819336, -957.760925, -957.848572 
   0.040317,  0.019700, -0.017104, -957.760925,  397.544586, -957.848572 
   0.037263,  0.016188, -0.010843,  109.090912,  957.819336, -957.848572 
   0.042150,  0.015730, -0.016799,  392.019867, -957.760925, -957.848572 
   0.043066,  0.019548, -0.018021,  169.307220, -827.828125, -948.845398 
   0.037721,  0.021380, -0.011301,  13.680211, -259.339386, -376.995026 
   0.044746,  0.017410, -0.015272, -6.957030, -120.023384, -246.302246 
   0.042455,  0.022755, -0.015882, -10.172464, -91.727570, -211.195557 
   0.039859,  0.017257, -0.015272, -11.400175, -82.987427, -198.187668 
   0.042150,  0.018326, -0.020617, -13.095586, -79.888924, -192.166031 
   0.038026,  0.016493, -0.021991, -12.832504, -79.801224, -190.850632 
   0.042913,  0.019853, -0.015577, -13.417130, -78.982750, -189.856766 
   0.045357,  0.017868, -0.020617, -13.183279, -78.310432, -189.798309 
   0.043524,  0.020311, -0.015882, -5.583163, -89.330605, -191.639877 
   0.040928,  0.016646, -0.020006, -7.600117, -88.862907, -183.864365 
   0.041997,  0.019548, -0.020617, -9.295527, -82.636658, -172.522659 
   0.044440,  0.016341, -0.018937, -16.427944, -64.220985, -132.943588 
   0.046426,  0.016952, -0.017104, -50.306927,  132.738953,  118.766441 
   0.038943,  0.017715, -0.011912, -81.408951,  669.190308,  531.686646 
   0.038485,  0.018937, -0.014661, -158.170135,  957.819336,  957.731628 
   0.041997,  0.019242, -0.017104, -315.901794,  957.819336,  957.731628 
   0.039401,  0.022144, -0.018784, -154.223907,  276.147308,  957.731628 
   0.043524,  0.019853, -0.018784, -79.567375,  953.113098,  957.731628 
   0.037568,  0.019090, -0.015730, -44.986847,  957.819336,  529.786621 
   0.046120,  0.017562, -0.021075, -5.378544,  122.069572,  47.529964 
   0.042761,  0.025351, -0.018173, -9.412453, -33.528210, -60.216312 
   0.044440,  0.017715, -0.019090, -12.072494, -71.938034, -100.438461 
   0.036957,  0.018021, -0.021075, -11.312482, -80.181236, -114.469460 
   0.040470,  0.019700, -0.022144, -12.277112, -77.462730, -107.804741 
   0.043677,  0.017257, -0.018021, -20.432623, -46.185326, -66.588715 
   0.045357,  0.019395, -0.012828, -86.378250,  171.587250,  94.621452 
   0.041233,  0.018479, -0.017715, -318.152588,  832.475830,  321.368042 
   0.037721,  0.019548, -0.014661, -500.760040,  957.819336,  583.367432 
   0.040470,  0.021075, -0.014813, -435.252869,  957.819336,  582.665894 
   0.042761,  0.019853, -0.020464, -83.718208,  419.321838,  228.412750 
   0.039859,  0.019242, -0.012370, -16.895645,  16.486408, -17.772581 
   0.040012,  0.018326, -0.016035, -1.286174, -70.125694, -100.321541 
   0.039248,  0.018173, -0.012523, -4.004677, -86.582870, -124.904999 
   0.042150,  0.018631, -0.017715, -7.570886, -89.038292, -132.592804 
   0.048411,  0.015577, -0.019090, -5.875475, -87.664429, -136.655945 
   0.037110,  0.018631, -0.018631, -4.793920, -80.619705, -134.434372 
   0.045662,  0.020464, -0.012981, -7.570886, -80.239693, -130.137390 
   0.037874,  0.017868, -0.013744, -9.850921, -81.058167, -128.968140 
   0.044593,  0.018937, -0.018173, -10.464776, -81.496635, -129.991226 
   0.044135,  0.019548, -0.019395, -10.143233, -81.788948, -132.300491 
   0.040317,  0.020464, -0.016952, -10.552470, -81.701256, -130.020462 
   0.041081,  0.019395, -0.017104, -10.874014, -81.613564, -131.072784 
   0.047495,  0.019395, -0.013897, -10.815551, -81.145866, -132.154343 
   0.040775,  0.019090, -0.020159, -11.429407, -81.028938, -131.394333 
   0.045357,  0.014966, -0.019853, -11.283250, -81.145866, -131.394333 
   0.042913,  0.020159, -0.018937, -10.874014, -80.795090, -131.540497 
   0.041844,  0.019090, -0.016035, -10.844782, -81.175095, -131.657410 
   0.039859,  0.016341, -0.016035, -11.195557, -81.408951, -131.423553 
   0.044899,  0.017715, -0.018173, -11.107863, -81.087402, -131.569717 
   0.041844,  0.020769, -0.012523, -11.020169, -81.350479, -132.183578 
   0.040928,  0.020617, -0.016188, -11.195557, -81.087402, -131.715866 
   0.042761,  0.020159, -0.016646, -10.961707, -81.175095, -132.066650 
   0.043677,  0.018784, -0.018631, -11.429407, -81.233559, -132.095871 
   0.037721,  0.015424, -0.015424, -11.166326, -81.438179, -131.218948 
   0.042608,  0.022297, -0.018479, -10.961707, -80.941246, -131.920486 
   0.039706,  0.022602, -0.016493, -10.990938, -80.765854, -132.125122 
   0.040775,  0.019853, -0.022144, -11.312482, -80.970474, -131.160477 
   0.044288,  0.014813, -0.016341, -10.406314, -80.707397, -131.920486 
   0.045662,  0.019548, -0.017868, -10.610932, -81.233559, -132.563583 
   0.047037,  0.019548, -0.018021, -11.078632, -81.321251, -130.955856 
   0.045968,  0.021838, -0.019090, -10.961707, -80.824318, -132.329727 
   0.044899,  0.017868, -0.019853, -11.107863, -80.648933, -131.511261 
   0.041386,  0.016799, -0.015272, -11.429407, -80.561241, -131.014328 
   0.043371,  0.017868, -0.018937, -10.874014, -80.970474, -130.751236 
   0.040470,  0.016799, -0.017104, -11.195557, -80.619705, -129.698914 
   0.045968,  0.020769, -0.020769, -9.938614, -81.087402, -129.581985 
   0.042455,  0.022449, -0.013897, -11.020169, -80.853554, -129.085068 
   0.042150,  0.020922, -0.012828, -10.581701, -81.613564, -129.055832 
   0.046426,  0.018631, -0.018631, -10.669394, -81.584335, -129.143524 
   0.039401,  0.016952, -0.016646, -10.435545, -81.701256, -129.903534 
   0.039095,  0.013134, -0.017868, -10.406314, -82.022797, -128.529663 
   0.043524,  0.018784, -0.013897, -10.727857, -81.438179, -129.669693 
   0.040164,  0.014966, -0.023824, -11.078632, -81.818184, -129.698914 
   0.039401,  0.018784, -0.017410, -10.347852, -81.642792, -129.260437 
   0.040470,  0.014661, -0.013134, -10.727857, -81.993568, -129.494293 
   0.047647,  0.019548, -0.018479, -10.727857, -81.438179, -129.055832 
   0.000305,  0.018631, -0.021075, -10.932476, -81.408951, -129.465073 
   0.039401,  0.017562, -0.017257, -10.552470, -81.788948, -129.055832 
   0.041997,  0.014050, -0.020006, -10.581701, -81.321251, -129.786606 
   0.044440,  0.017257, -0.013134, -10.990938, -80.941246, -130.078918 
   0.038637,  0.018173, -0.016952, -10.815551, -81.905876, -128.968140 
   0.043830,  0.017868, -0.014203, -11.049401, -81.087402, -129.231216 
   0.040470,  0.020006, -0.015272, -10.581701, -81.525871, -128.588135 
   0.043524,  0.019853, -0.015882, -10.347852, -81.145866, -128.266586 
   0.042150,  0.017715, -0.017104, -11.341713, -80.882782, -128.471207 
   0.042761,  0.015577, -0.023366, -11.341713, -80.941246, -128.208130 
   0.041844,  0.022449, -0.014966, -11.078632, -81.292023, -127.389656 
   0.043982,  0.018631, -0.013897, -11.107863, -81.204323, -127.886581 
   0.038637,  0.018479, -0.018479, -10.377083, -81.204323, -128.354294 
   0.041997,  0.019090, -0.018173, -10.786320, -81.145866, -127.535805 
   0.036194,  0.023060, -0.020769, -11.166326, -81.058167, -127.711197 
   0.044440,  0.017715, -0.018479, -11.107863, -81.525871, -128.529663 
   0.039095,  0.015577, -0.017715, -10.757089, -81.876640, -128.237350 
   0.045357,  0.013439, -0.016035, -10.640163, -82.110497, -128.617355 
   0.040012,  0.018784, -0.016799, -11.137094, -81.759720, -128.734283 
   0.046273,  0.019242, -0.021533, -11.663257, -81.935104, -128.880447 
   0.041386,  0.019242, -0.021075, -11.254020, -81.379715, -128.500443 
   0.044288,  0.018479, -0.018021, -10.260158, -81.818184, -127.711197 
   0.037568,  0.016493, -0.016035, -10.932476, -81.642792, -129.085068 
   0.043371,  0.018479, -0.014050, -10.990938, -81.145866, -127.097343 
   0.036499,  0.019090, -0.015730, -11.078632, -80.970474, -127.740433 
   0.040012,  0.024893, -0.015730, -11.487869, -80.736626, -128.208130 
   0.045968,  0.019090, -0.020769, -10.990938, -81.058167, -127.857353 
   0.042302,  0.016341, -0.015119, -11.838644, -81.350479, -127.301956 
   0.040012,  0.013897, -0.018326, -11.604795, -81.145866, -127.389656 
   0.042761,  0.020769, -0.016493, -11.400175, -80.853554, -128.120438 
   0.046273,  0.014661, -0.014355, -11.458637, -80.707397, -128.441971 
   0.040928,  0.018937, -0.016035, -11.487869, -80.561241, -127.185036 
   0.043830,  0.023213, -0.014050, -11.195557, -80.648933, -127.272728 
   0.039706,  0.018784, -0.013439, -11.926337, -80.765854, -126.717331 
   0.041692,  0.021533, -0.021075, -11.838644, -80.941246, -126.951180 
   0.038332,  0.016493, -0.018326, -11.926337, -80.736626, -127.828125 
   0.043830,  0.020159, -0.016799, -11.195557, -80.941246, -126.980415 
   0.041844,  0.018173, -0.015577, -11.692488, -80.561241, -126.541946 
   0.044746,  0.018173, -0.020311, -11.429407, -80.882782, -126.717331 
   0.045815,  0.017257, -0.013744, -11.955568, -81.087402, -127.418884 
   0.041844,  0.019090, -0.016493, -11.458637, -80.239693, -126.220406 
   0.041233,  0.020006, -0.017868, -11.663257, -80.415085, -126.395782 
   0.042913,  0.017868, -0.015882, -11.663257, -80.502777, -126.395782 
   0.000305,  0.015882, -0.020922, -11.429407, -80.561241, -125.752701 
   0.042302,  0.022755, -0.018326, -11.955568, -80.707397, -124.875771 
   0.041844,  0.023060, -0.014050, -11.575562, -80.999710, -124.758842 
   0.043219,  0.020464, -0.014355, -11.546331, -80.853554, -124.671150 
   0.039401,  0.016188, -0.016799, -11.897106, -79.976616, -125.460388 
   0.041997,  0.017104, -0.021228, -11.838644, -78.807365, -126.688095 
   0.038790,  0.015119, -0.016799, -11.078632, -78.690437, -127.038872 
   0.044135,  0.020922, -0.015119, -10.990938, -78.105820, -127.360413 
   0.041997,  0.022144, -0.017104, -10.757089, -78.105820, -126.629639 
   0.044135,  0.020006, -0.012523, -10.640163, -78.398125, -127.360413 
   0.041692,  0.021533, -0.015882, -11.107863, -78.778137, -127.477348 
   0.035888,  0.020159, -0.013592, -10.435545, -78.456589, -128.149658 
   0.041997,  0.019090, -0.012523, -10.552470, -78.544281, -128.383514 
   0.041692,  0.020159, -0.012217, -10.406314, -78.135048, -127.506577 
   0.037874,  0.017715, -0.016799, -10.727857, -78.193512, -127.009644 
   0.043371,  0.021838, -0.018937, -10.990938, -78.515053, -127.915810 
   0.039706,  0.017410, -0.018326, -11.312482, -77.842735, -126.746574 
   0.040470,  0.018631, -0.018326, -10.347852, -77.813507, -129.085068 
   0.043830,  0.018784, -0.021228, -10.727857, -77.871964, -127.535805 
   0.042150,  0.018173, -0.018479, -10.874014, -77.696579, -127.681961 
   0.038943,  0.020617, -0.019700, -10.201695, -77.345810, -128.003510 
   0.035736,  0.020311, -0.018021, -10.494008, -77.579651, -129.143524 
   0.042455,  0.019853, -0.018479, -10.406314, -77.199646, -129.260437 
   0.038026,  0.019700, -0.011301, -11.166326, -76.293480, -129.114288 
   0.041081,  0.018937, -0.018479, -10.610932, -76.527336, -129.786606 
   0.044899,  0.019090, -0.016035, -10.084770, -76.118095, -130.195847 
   0.040775,  0.021991, -0.013897, -10.669394, -74.656532, -129.874298 
   0.046120,  0.020311, -0.017410, -10.815551, -74.364220, -130.078918 
   0.036805,  0.019700, -0.017562, -10.201695, -73.691902, -130.225082 
   0.041233,  0.018784, -0.019090, -10.552470, -74.042679, -131.014328 
   0.040623,  0.018784, -0.016493, -10.377083, -73.048820, -130.254318 
   0.040623,  0.016035, -0.013592, -10.377083, -71.967262, -131.277405 
   0.037110,  0.017715, -0.013439, -10.172464, -71.470329, -131.686646 
   0.043524,  0.020159, -0.015730, -10.581701, -71.148788, -130.371231 
   0.041692,  0.018326, -0.016493, -10.464776, -69.950310, -131.365097 
   0.042150,  0.022144, -0.018021, -10.318621, -69.190292, -131.686646 
   0.046120,  0.023060, -0.018937, -10.727857, -68.488747, -131.862030 
   0.039248,  0.018021, -0.015882, -10.289389, -67.816429, -132.329727 
   0.037721,  0.021991, -0.018937, -10.318621, -67.348732, -132.563583 
   0.042913,  0.020159, -0.013897, -10.143233, -66.091789, -132.768204 
   0.042761,  0.017562, -0.018021, -10.318621, -65.565620, -133.002045 
   0.041081,  0.013134, -0.019242, -9.967846, -64.045601, -133.118973 
   0.039859,  0.020617, -0.013134, -10.581701, -62.057877, -133.118973 
   0.038943,  0.020006, -0.016341, -10.055539, -61.385559, -133.615906 
   0.044135,  0.023518, -0.020311, -11.254020, -60.099388, -133.674362 
   0.042913,  0.016188, -0.017104, -11.341713, -59.280914, -133.878983 
   0.042302,  0.019853, -0.019395, -10.874014, -57.147034, -134.083603 
   0.041997,  0.022449, -0.020006, -10.903244, -56.387020, -135.632858 
   0.042913,  0.019395, -0.016035, -11.195557, -55.305470, -137.854431 
   0.042913,  0.015119, -0.018937, -10.727857, -53.785442, -137.269806 
   0.045815,  0.016188, -0.019090, -11.107863, -51.359253, -140.076004 
   0.040317,  0.013439, -0.017410, -11.312482, -49.868458, -141.537552 
   0.043830,  0.021380, -0.019548, -11.487869, -48.553055, -142.531418 
   0.043219,  0.020922, -0.017257, -11.692488, -46.214558, -144.606842 
   0.039859,  0.017715, -0.016799, -11.604795, -44.840691, -146.536102 
   0.041997,  0.020006, -0.013744, -12.218650, -42.268341, -147.442276 
   0.044135,  0.017104, -0.014661, -11.897106, -39.374454, -148.377670 
   0.037415,  0.016646, -0.018021, -12.540193, -36.159019, -152.236191 
   0.045051,  0.015730, -0.018937, -12.306343, -32.271267, -154.896225 
   0.038637,  0.018173, -0.017410, -12.452499, -27.915815, -158.257812 
   0.040775,  0.017715, -0.015424, -13.183279, -23.940369, -163.402512 
   0.042302,  0.018937, -0.016341, -12.832504, -20.081848, -167.202576 
   0.041997,  0.017715, -0.020769, -13.037125, -14.410991, -169.277985 
   0.045204,  0.019548, -0.020922, -13.358667, -10.874014, -173.282669 
   0.040317,  0.014050, -0.016799, -12.540193, -6.898568, -176.205795 
   0.046426,  0.014355, -0.021991, -13.417130, -1.256942, -180.678162 
   0.042608,  0.015730, -0.018173, -13.650979,  5.758550, -186.758255 
   0.041997,  0.018326, -0.015424, -15.141771,  8.272435, -196.053787 
   0.046273,  0.016188, -0.018021, -15.375622,  12.627886, -201.841568 
   0.041386,  0.016952, -0.020922, -15.960245,  18.240280, -205.846237 
   0.039401,  0.020006, -0.016952, -16.398714,  21.046478, -212.394043 
   0.038943,  0.019242, -0.018479, -17.831043,  24.934229, -221.981888 
   0.044288,  0.018937, -0.019242, -18.357204,  31.540485, -227.360413 
   0.044288,  0.020159, -0.014813, -19.263372,  33.732826, -229.260437 
   0.038790,  0.019395, -0.016646, -19.526455,  38.497517, -235.545166 
   0.042150,  0.016035, -0.017104, -21.251097,  49.517685, -247.062256 
   0.042608,  0.024587, -0.014813, -22.478807,  53.551590, -247.588425 
   0.043371,  0.020311, -0.015882, -23.209589,  69.862617, -251.534622 
   0.041539,  0.024435, -0.019853, -24.349606,  108.857056, -258.287048 
   0.043677,  0.015730, -0.019395, -24.144987,  132.271271, -264.805603 
   0.042761,  0.016493, -0.014813, -26.278866,  187.489029, -271.791870 
   0.038790,  0.022755, -0.017868, -30.049694,  213.914062, -284.916687 
   0.038637,  0.022297, -0.020159, -31.131247,  241.683716, -302.601562 
   0.048106,  0.023366, -0.018479, -26.308098,  269.044128, -287.284424 
   0.039859,  0.024893, -0.016035, -28.500439,  294.855316, -306.372406 
   0.042150,  0.022602, -0.015577, -32.768196,  325.138855, -328.821991 
   0.041997,  0.018784, -0.019395, -31.569715,  352.762329, -331.043549 
   0.039554,  0.025504, -0.013897, -37.240574,  373.867310, -354.340851 
   0.041081,  0.021533, -0.012065, -39.754456,  407.687805, -371.558014 
   0.041081,  0.018173, -0.015577, -43.028355,  426.892700, -385.062836 
   0.044593,  0.019242, -0.015882, -43.262203,  455.276245, -388.979828 
   0.037415,  0.023366, -0.013897, -51.739258,  487.459808, -428.617371 
   0.041081,  0.013592, -0.019395, -64.951767,  528.500488, -477.755035 
   0.043677,  0.016493, -0.016493, -70.564163,  566.530273, -502.923096 
   0.042455,  0.021228, -0.020617, -81.467407,  610.640137, -549.049988 
   0.046120,  0.018937, -0.019395, -90.646011,  669.687195, -593.335266 
   0.041844,  0.016035, -0.016646, -101.052322,  712.657104, -628.208130 
   0.038179,  0.016952, -0.017257, -119.877228,  802.660095, -700.818481 
   0.042761,  0.015272, -0.016799, -133.294357,  910.201721, -751.651550 
   0.036041,  0.015119, -0.018173, -159.456299,  957.819336, -857.468628 
   0.041692,  0.019548, -0.014203, -187.664429,  957.819336, -957.848572 
   0.039859,  0.017715, -0.016341, -225.665024,  957.819336, -957.848572 
   0.039706,  0.016493, -0.019853, -182.081253,  957.819336, -957.848572 
   0.044746,  0.014203, -0.019090, -85.618240,  852.382385, -623.151123 
   0.039095,  0.018631, -0.014661, -50.774628,  614.089417, -458.930145 
   0.043524,  0.014813, -0.015577, -35.165154,  507.015503, -387.810577 
   0.043982,  0.022297, -0.013592, -27.448114,  417.217194, -341.479126 
   0.040470,  0.018784, -0.016952, -17.071033,  324.320374, -280.882782 
   0.040317,  0.019548, -0.015882, -11.429407,  290.207550, -247.325348 
   0.047800,  0.018479, -0.013744, -9.266296,  237.766739, -224.846527 
   0.042455,  0.015272, -0.017104, -8.243204,  191.522949, -200.701553 
   0.041081,  0.015730, -0.017715, -7.424729,  136.217468, -181.525879 
   0.039554,  0.019242, -0.019395, -7.775504,  98.129204, -165.974854 
   0.045051,  0.020159, -0.020159, -7.424729,  79.128906, -156.825500 
   0.041539,  0.022907, -0.015577, -7.629348,  55.451618, -145.249924 
   0.039554,  0.020311, -0.022755, -7.073955,  38.409824, -136.217468 
   0.040317,  0.019853, -0.016493, -8.038585,  25.694242, -135.457474 
   0.049022,  0.017562, -0.021991, -7.249342,  17.012569, -133.031281 
   0.002902,  0.021380, -0.016646, -7.073955,  7.483192, -130.955856 
   0.037263,  0.015119, -0.018021, -6.898568, -1.403099, -129.085068 
   0.039859,  0.016188, -0.018173, -7.512424, -11.312482, -127.038872 
   0.046884,  0.021228, -0.019853, -7.950891, -19.584917, -125.869629 
   0.040317,  0.019700, -0.014355, -7.424729, -25.255772, -126.658867 
   0.045204,  0.017562, -0.015424, -7.570886, -30.078924, -127.155807 
   0.040164,  0.019548, -0.015730, -8.243204, -35.252850, -127.681961 
   0.040775,  0.020769, -0.012828, -8.973985, -41.332943, -127.769661 
   0.045662,  0.018173, -0.015577, -8.857059, -48.874599, -126.220406 
   0.043830,  0.021838, -0.016341, -9.353991, -54.545456, -126.308098 
   0.045509,  0.019395, -0.015424, -9.500146, -57.497807, -127.214264 
   0.037110,  0.018479, -0.019548, -8.973985, -60.596317, -126.249634 
   0.042302,  0.019090, -0.017257, -9.675533, -63.490208, -127.185036 
   0.040012,  0.020769, -0.017410, -9.353991, -65.244080, -127.711197 
   0.040623,  0.021686, -0.018326, -9.675533, -66.588715, -127.506577 
   0.044440,  0.020311, -0.020311, -9.938614, -68.079506, -129.143524 
   0.040317,  0.019395, -0.021838, -9.704765, -70.125694, -128.412750 
   0.043830,  0.019548, -0.020159, -9.617071, -71.967262, -128.441971 
   0.038637,  0.017410, -0.015119, -10.143233, -74.422684, -128.558899 
   0.039554,  0.014050, -0.015577, -10.844782, -76.498100, -128.968140 
   0.039706,  0.019242, -0.016341, -10.815551, -78.193512, -129.026611 
   0.040164,  0.014203, -0.012675, -10.610932, -78.807365, -130.254318 
   0.034056,  0.017715, -0.015730, -10.260158, -78.719673, -130.400467 
   0.042913,  0.018021, -0.017104, -10.669394, -79.187370, -129.377380 
   0.040012,  0.019395, -0.018021, -10.610932, -79.362762, -130.342010 
   0.041692,  0.018631, -0.017868, -11.078632, -79.187370, -129.786606 
   0.044899,  0.014661, -0.018784, -10.610932, -79.362762, -130.429703 
   0.035736,  0.018173, -0.019548, -10.406314, -79.041222, -130.371231 
   0.040164,  0.020311, -0.014508, -10.523239, -79.099678, -130.225082 
   0.043219,  0.019090, -0.016646, -10.552470, -79.187370, -130.546631 
   0.043066,  0.016035, -0.018326, -10.698627, -78.515053, -130.166611 
   0.041997,  0.022602, -0.017257, -10.727857, -78.895065, -130.342010 
   0.040164,  0.018021, -0.018021, -10.757089, -79.070450, -129.318924 
   0.036499,  0.018784, -0.018326, -10.552470, -78.661209, -130.108154 
   0.042608,  0.017715, -0.020006, -10.610932, -78.281204, -129.260437 
   0.043066,  0.023366, -0.017715, -9.675533, -78.982750, -129.845078 
   0.043219,  0.020159, -0.020311, -10.377083, -78.222740, -129.962006 
   0.037874,  0.021533, -0.016493, -10.318621, -78.251976, -129.757385 
   0.040775,  0.016188, -0.016188, -10.406314, -77.696579, -129.406601 
   0.037263,  0.010690, -0.016035, -10.727857, -77.345810, -130.371231 
   0.039706,  0.020311, -0.014508, -10.903244, -77.842735, -131.657410 
   0.038790,  0.015730, -0.014813, -11.107863, -77.199646, -131.482010 
   0.041539,  0.010232, -0.014355, -10.786320, -77.550423, -132.183578 
   0.037568,  0.011912, -0.012370, -11.020169, -77.141190, -131.160477 
   0.043524,  0.019395, -0.019090, -11.429407, -77.491966, -131.218948 
   0.043371,  0.024587, -0.015424, -10.552470, -77.755043, -131.715866 
   0.039706,  0.019700, -0.016646, -11.078632, -77.755043, -132.125122 
   0.039859,  0.018937, -0.020159, -11.926337, -76.878105, -131.774323 
   0.040470,  0.022297, -0.017715, -10.961707, -77.111954, -131.745102 
   0.037415,  0.023671, -0.010232, -10.698627, -77.433495, -131.335861 
   0.038179,  0.018937, -0.017104, -10.523239, -77.053490, -130.809708 
   0.042302,  0.021991, -0.020006, -11.049401, -77.258110, -131.131241 
   0.043219,  0.018631, -0.014203, -10.932476, -77.404266, -132.358963 
   0.036346,  0.015730, -0.013897, -11.195557, -76.731949, -131.482010 
   0.041386,  0.021838, -0.021075, -11.254020, -76.585793, -131.511261 
   0.040470,  0.019548, -0.020464, -11.341713, -76.644257, -132.212799 
   0.044288,  0.015882, -0.018326, -11.400175, -76.673492, -131.072784 
   0.041844,  0.021838, -0.017715, -11.049401, -76.527336, -131.248169 
   0.036957,  0.016493, -0.018479, -10.903244, -77.082726, -131.715866 
   0.043830,  0.016952, -0.015119, -11.341713, -77.053490, -131.248169 
   0.037874,  0.016952, -0.012828, -11.107863, -76.936569, -131.891266 
   0.047189,  0.017410, -0.017562, -11.283250, -76.702721, -131.394333 
   0.038026,  0.016799, -0.021686, -11.429407, -76.644257, -132.242035 
   0.037721,  0.019242, -0.019700, -11.049401, -77.141190, -132.125122 
   0.040317,  0.018479, -0.015119, -10.669394, -77.199646, -131.920486 
   0.043830,  0.015119, -0.015424, -10.727857, -77.228882, -131.978958 
   0.041997,  0.015882, -0.018326, -10.494008, -77.404266, -131.657410 
   0.039401,  0.017562, -0.014355, -10.961707, -76.819649, -132.271271 
   0.043219,  0.013286, -0.016646, -10.552470, -77.316574, -132.212799 
   0.045815,  0.020617, -0.015119, -11.049401, -77.316574, -131.832809 
   0.042608,  0.022144, -0.017715, -10.757089, -77.053490, -131.862030 
   0.043371,  0.022144, -0.012828, -10.815551, -76.878105, -132.388184 
   0.036041,  0.022144, -0.014966, -11.487869, -76.644257, -131.715866 
   0.043830,  0.018631, -0.017715, -10.932476, -76.761177, -132.183578 
   0.036957,  0.020769, -0.016646, -11.341713, -77.228882, -131.920486 
   0.043524,  0.014508, -0.019242, -10.844782, -76.878105, -131.978958 
   0.040317,  0.016035, -0.016188, -11.458637, -76.965797, -131.657410 
   0.040012,  0.016188, -0.019548, -11.370944, -77.082726, -132.358963 
   0.039859,  0.014813, -0.018173, -11.663257, -77.082726, -131.657410 
   0.035277,  0.017715, -0.018326, -11.750950, -76.965797, -132.154343 
   0.039554,  0.017410, -0.017715, -11.283250, -77.170418, -131.920486 
   0.041386,  0.022144, -0.016646, -11.458637, -77.316574, -131.978958 
   0.037721,  0.020006, -0.015577, -11.049401, -76.498100, -132.242035 
   0.041539,  0.019853, -0.019548, -10.669394, -77.345810, -131.745102 
   0.043677,  0.020769, -0.018937, -10.669394, -77.667351, -131.774323 
   0.038026,  0.019395, -0.014203, -10.640163, -78.076584, -131.365097 
   0.040012,  0.018784, -0.015424, -11.078632, -77.024261, -131.891266 
   0.041844,  0.015882, -0.018479, -11.487869, -77.082726, -131.160477 
   0.042608,  0.015424, -0.013286, -10.610932, -77.111954, -132.329727 
   0.042302,  0.018173, -0.021533, -10.698627, -76.907333, -132.242035 
   0.048106,  0.016646, -0.019090, -10.347852, -77.287338, -131.365097 
   0.044440,  0.022602, -0.021991, -10.757089, -77.521194, -131.189713 
   0.042913,  0.018937, -0.015882, -10.815551, -77.375038, -130.692780 
   0.040012,  0.016493, -0.019548, -10.990938, -78.164276, -129.903534 
   0.048258, -0.010843, -0.035888, -10.523239, -78.719673, -130.985092 
   0.051771,  0.031307, -0.014203, -9.529378, -78.076584, -129.845078 
   0.043219,  0.021228, -0.014966, -9.149372, -78.690437, -129.903534 
   0.047495,  0.015119, -0.008094, -9.821690, -78.251976, -131.423553 
   0.036805,  0.014661, -0.025656, -10.318621, -78.135048, -130.809708 
   0.040317,  0.013286, -0.020922, -9.704765, -78.222740, -130.605087 
   0.047342,  0.010537, -0.018479, -10.435545, -78.485825, -130.926636 
   0.046426,  0.020464, -0.020769, -10.055539, -78.427361, -131.014328 
   0.045662,  0.001374, -0.023366, -10.581701, -76.995033, -130.546631 
   0.042455,  0.027794, -0.014203, -9.704765, -77.404266, -131.423553 
   0.038026,  0.022755, -0.022907, -9.207834, -78.281204, -130.985092 
   0.043219,  0.021686, -0.017257, -9.061678, -77.462730, -130.809708 
   0.041539,  0.018937, -0.024893, -9.061678, -77.784279, -130.751236 
   0.023366,  0.037874, -0.002291, -9.675533, -77.784279, -131.102020