0.143815 ,0.143822 ,2.96408 ,1e-05 ,0.196
0.141496 ,0.141326 ,2.91813 ,0.000137578 ,0.835023
nan ,nan ,nan ,1.63912e-06 ,0.591658
0.106273 ,0.105832 ,2.18394 ,0.000249384 ,0.0842938
0.131011 ,0.130467 ,2.6923 ,2.34384e-05 ,0.0288824
0.138352 ,0.137775 ,2.8431 ,2.13719e-05 ,0.0593192
0.0285852 ,0.0284667 ,0.587435 ,0.000907551 ,0.0200907
nan ,nan ,nan ,2.30497e-06 ,0.020793
nan ,nan ,nan ,1.27206e-06 ,0.408784
0.124059 ,0.123544 ,2.54944 ,0.000334324 ,0.259611
0.133706 ,0.133152 ,2.7477 ,0.000242449 ,0.385385
0.0640975 ,0.0638316 ,1.31722 ,0.000139684 ,0.0117408
nan ,nan ,nan ,1.37926e-06 ,0.0302682
0.119334 ,0.118839 ,2.45234 ,1.84206e-05 ,0.0109139
0.143895 ,0.143408 ,2.97359 ,2.63273e-05 ,0.871906
0.141203 ,0.140805 ,2.90242 ,7.7284e-05 ,0.380104
0.143229 ,0.144445 ,2.95788 ,4.27406e-05 ,0.632457
0.0907358 ,0.0903595 ,1.86465 ,5.71898e-05 ,0.0110622
nan ,nan ,nan ,3.62282e-06 ,0.10948
0.114311 ,0.113836 ,2.34912 ,0.000786486 ,0.367448
0.144167 ,0.143813 ,2.96899 ,6.69931e-06 ,0.177355
0.143202 ,0.141953 ,2.93547 ,3.61821e-05 ,0.298316
0.141276 ,0.14072 ,2.90344 ,7.08818e-06 ,0.0358992
0.0407034 ,0.0405346 ,0.836467 ,0.000891525 ,0.0335502
0.144466 ,0.143806 ,2.9738 ,7.91336e-06 ,0.286031
nan ,nan ,nan ,1.79502e-06 ,0.0638947
0.136746 ,0.136181 ,2.81019 ,5.0418e-05 ,0.111419
0.140394 ,0.139637 ,2.88308 ,0.000199782 ,0.791577
nan ,nan ,nan ,4.57747e-06 ,0.0272789
0.0759628 ,0.0756477 ,1.56106 ,0.000202265 ,0.0246093
nan ,nan ,nan ,2.75844e-06 ,0.505574
nan ,nan ,nan ,3.01797e-06 ,0.0142687
0.121794 ,0.121288 ,2.50289 ,5.44454e-05 ,0.0368125
0.11659 ,0.116106 ,2.39596 ,0.000776035 ,0.404657
0.143711 ,0.143582 ,2.97195 ,2.34256e-05 ,0.691159
0.133169 ,0.132617 ,2.73667 ,0.000161288 ,0.244409
nan ,nan ,nan ,6.35543e-06 ,0.651982
0.14407 ,0.143705 ,2.97181 ,1.34525e-05 ,0.409203
nan ,nan ,nan ,1.66768e-06 ,0.047768
nan ,nan ,nan ,5.02542e-06 ,0.0853058
0.125421 ,0.124901 ,2.57745 ,1.44548e-05 ,0.012093
0.138506 ,0.137943 ,2.84638 ,0.000370838 ,1.06133
nan ,nan ,nan ,1.80191e-06 ,0.0610639
nan ,nan ,nan ,3.84493e-06 ,0.0122872
0.133398 ,0.132845 ,2.74136 ,3.03902e-05 ,0.0464377
0.125243 ,0.124723 ,2.57378 ,3.41183e-05 ,0.0281813
nan ,nan ,nan ,1.20044e-06 ,0.518376
nan ,nan ,nan ,5.08347e-06 ,0.629138
0.143856 ,0.141676 ,2.93665 ,9.09308e-05 ,0.768001
0.123169 ,0.122658 ,2.53115 ,1.91552e-05 ,0.0139766
0.133611 ,0.133057 ,2.74574 ,1.35152e-05 ,0.021169
0.0644109 ,0.0641438 ,1.32366 ,0.000134442 ,0.0114241
nan ,nan ,nan ,1.94451e-06 ,0.814787
0.116843 ,0.116359 ,2.40116 ,1.96223e-05 ,0.0103161
0.121352 ,0.120848 ,2.49381 ,0.000264136 ,0.175545
0.0469454 ,0.0467507 ,0.964741 ,0.000389781 ,0.0185385
0.143924 ,0.143666 ,2.95005 ,4.88306e-05 ,0.561932
0.137243 ,0.136674 ,2.82039 ,7.64505e-06 ,0.0183381
0.132811 ,0.13226 ,2.7293 ,9.67263e-06 ,0.0140895
nan ,nan ,nan ,3.40234e-06 ,0.240683
0.115385 ,0.114906 ,2.37119 ,0.000523084 ,0.257317
0.140803 ,0.140118 ,2.89132 ,0.000102138 ,0.440955
nan ,nan ,nan ,1.28573e-06 ,0.0685128
0.142267 ,0.141646 ,2.92385 ,6.59896e-06 ,0.0452729
0.105793 ,0.105354 ,2.17408 ,8.24694e-05 ,0.0272333
0.14418 ,0.1437 ,2.94849 ,8.53344e-05 ,0.946807
0.144036 ,0.143611 ,2.94899 ,5.868e-05 ,0.657683
0.116899 ,0.116414 ,2.4023 ,0.000283639 ,0.150875
0.132102 ,0.131554 ,2.71473 ,0.000261496 ,0.361127
0.123326 ,0.122814 ,2.53438 ,0.000121035 ,0.0897921
nan ,nan ,nan ,1.21199e-06 ,0.281131
nan ,nan ,nan ,1.14749e-06 ,0.525144
0.122253 ,0.121746 ,2.51233 ,0.000393482 ,0.275626
0.140093 ,0.139496 ,2.87888 ,1.42984e-05 ,0.0541955
nan ,nan ,nan ,2.63294e-06 ,0.0216806
0.140236 ,0.13949 ,2.88028 ,0.000282297 ,1.08494
0.0522889 ,0.052072 ,1.07455 ,0.00043308 ,0.0247865
0.143666 ,0.143551 ,2.95421 ,1.57511e-05 ,0.209326
nan ,nan ,nan ,2.40836e-06 ,0.110993
0.0629035 ,0.0626426 ,1.29269 ,0.000133283 ,0.0107972
0.141373 ,0.140952 ,2.9065 ,3.95714e-05 ,0.2032
0.0872346 ,0.0868728 ,1.7927 ,0.000367933 ,0.0639535
0.144536 ,0.143409 ,2.97607 ,1.60108e-05 ,0.69264
0.134708 ,0.13415 ,2.7683 ,5.48346e-05 ,0.0956497
nan ,nan ,nan ,2.06747e-06 ,0.136704
0.142233 ,0.141625 ,2.92343 ,8.48305e-06 ,0.0567883
nan ,nan ,nan ,5.15386e-06 ,0.0127467
0.144551 ,0.143489 ,2.97589 ,1.41788e-05 ,0.609812
nan ,nan ,nan ,5.17544e-06 ,0.0148653
0.140084 ,0.139469 ,2.87864 ,3.9527e-05 ,0.148348
0.0660498 ,0.0657758 ,1.35734 ,0.000147622 ,0.0132019
0.135437 ,0.134875 ,2.78326 ,3.44297e-05 ,0.0653074
0.108877 ,0.108425 ,2.23745 ,3.75277e-05 ,0.0139705
0.143946 ,0.143701 ,2.95002 ,5.2107e-05 ,0.599022
0.13543 ,0.134867 ,2.78311 ,8.06702e-05 ,0.15362
0.127126 ,0.126599 ,2.61248 ,3.70775e-05 ,0.0345591
0.0549777 ,0.0547497 ,1.12981 ,0.000325197 ,0.0204128
0.138261 ,0.137687 ,2.84128 ,6.80923e-06 ,0.0190682
0.114996 ,0.114519 ,2.3632 ,0.000118899 ,0.0577095
0.143713 ,0.143033 ,2.94742 ,2.3011e-05 ,0.247063
0.141297 ,0.140793 ,2.90406 ,2.51394e-05 ,0.125441
0.130773 ,0.130231 ,2.68743 ,3.70218e-05 ,0.0448702
0.140188 ,0.139579 ,2.88073 ,2.2958e-05 ,0.0875603
nan ,nan ,nan ,6.25638e-06 ,0.262367
0.135706 ,0.135143 ,2.7888 ,6.9868e-05 ,0.13778
0.143661 ,0.143235 ,2.9503 ,1.55221e-05 ,0.183256
0.144991 ,0.143438 ,2.97853 ,1.34585e-05 ,0.789954
0.0877028 ,0.0873391 ,1.80232 ,5.79719e-05 ,0.0101707
0.143501 ,0.144022 ,2.9585 ,2.34185e-05 ,0.35375
0.131656 ,0.13111 ,2.70556 ,0.000604506 ,0.798939
0.141901 ,0.141431 ,2.92086 ,5.89125e-05 ,0.370262
0.13926 ,0.138693 ,2.86196 ,1.71752e-05 ,0.0553004
0.143387 ,0.143 ,2.94756 ,6.25359e-06 ,0.0836058
nan ,nan ,nan ,1.47656e-06 ,0.0328659
0.136941 ,0.136375 ,2.81421 ,0.000141073 ,0.321991
0.143757 ,0.143877 ,2.96581 ,1.25424e-05 ,0.264676
nan ,nan ,nan ,1.84091e-06 ,0.0183112
0.143246 ,0.143724 ,2.96989 ,3.82584e-05 ,0.988495
nan ,nan ,nan ,2.9223e-06 ,0.0145441
0.121312 ,0.120809 ,2.493 ,0.000106873 ,0.0709948
0.0570346 ,0.056798 ,1.17208 ,0.000787092 ,0.0528057
nan ,nan ,nan ,2.62917e-06 ,0.0505121
nan ,nan ,nan ,3.00925e-06 ,0.323082
0.139635 ,0.13906 ,2.86997 ,7.79803e-05 ,0.272153
0.143618 ,0.143898 ,2.96675 ,1.63343e-05 ,0.361593
nan ,nan ,nan ,2.58773e-06 ,0.0598944
nan ,nan ,nan ,4.72367e-06 ,0.364316
0.0916244 ,0.0912444 ,1.88291 ,8.62025e-05 ,0.0171497
0.143113 ,0.142349 ,2.93853 ,8.50481e-06 ,0.0757906
0.142131 ,0.141554 ,2.92189 ,1.23744e-05 ,0.0797265
0.141289 ,0.140819 ,2.90415 ,3.355e-05 ,0.168522
0.0792178 ,0.0788893 ,1.62795 ,0.000675556 ,0.0905157
0.126429 ,0.125905 ,2.59816 ,0.000183058 ,0.165011
0.141041 ,0.140468 ,2.89765 ,4.21435e-05 ,0.194966
0.130319 ,0.129778 ,2.67808 ,0.000171389 ,0.202335
0.144394 ,0.143678 ,2.97413 ,1.12529e-05 ,0.413275
0.106579 ,0.106136 ,2.19022 ,0.000439673 ,0.149536
0.112884 ,0.112416 ,2.3198 ,0.000847569 ,0.372513
nan ,nan ,nan ,2.62301e-06 ,0.148831
0.142539 ,0.141862 ,2.92876 ,7.15858e-06 ,0.0530554
0.139565 ,0.138989 ,2.86818 ,8.07053e-06 ,0.0278389
0.109524 ,0.10907 ,2.25075 ,2.84411e-05 ,0.0107783
0.135035 ,0.134475 ,2.77501 ,0.000496239 ,0.904076
nan ,nan ,nan ,2.55897e-06 ,0.278198
0.0467598 ,0.0465658 ,0.960926 ,0.000303898 ,0.014352
0.120844 ,0.120342 ,2.48337 ,0.00022453 ,0.145758
0.104342 ,0.103909 ,2.14426 ,0.000634857 ,0.197511
0.0911586 ,0.0907806 ,1.87334 ,0.000401893 ,0.0794056
0.106873 ,0.106429 ,2.19627 ,0.000111488 ,0.038347
0.0583983 ,0.0581561 ,1.2001 ,0.000309757 ,0.0217268
0.141506 ,0.141149 ,2.91057 ,4.16583e-05 ,0.225503
nan ,nan ,nan ,3.19131e-06 ,0.0420722
0.143839 ,0.143647 ,2.96068 ,6.77385e-06 ,0.117746
0.1439 ,0.143772 ,2.96387 ,7.78741e-06 ,0.152176
0.137976 ,0.137395 ,2.83532 ,8.98455e-05 ,0.237636
0.140564 ,0.139886 ,2.88736 ,5.89468e-05 ,0.241339
0.129752 ,0.129214 ,2.66644 ,1.37711e-05 ,0.0155086
0.110256 ,0.109798 ,2.26578 ,0.000427444 ,0.16915
0.138367 ,0.137793 ,2.84347 ,6.75569e-06 ,0.0192399
0.135049 ,0.134489 ,2.7753 ,0.000106045 ,0.193695
nan ,nan ,nan ,4.85592e-06 ,0.0444988
nan ,nan ,nan ,4.15244e-06 ,0.128759
nan ,nan ,nan ,4.26578e-06 ,0.145274
0.141235 ,0.140758 ,2.90273 ,4.22273e-05 ,0.207736
0.129915 ,0.129376 ,2.66979 ,5.28779e-05 ,0.0601298
0.144825 ,0.143701 ,2.97731 ,9.36422e-06 ,0.4786
0.139731 ,0.139134 ,2.87187 ,0.000152433 ,0.538719
0.143108 ,0.142407 ,2.93881 ,6.25312e-06 ,0.0599292
0.0349432 ,0.0347983 ,0.718094 ,0.000889797 ,0.0264473
0.0699278 ,0.0696377 ,1.43704 ,0.000149355 ,0.0151187
0.13419 ,0.133634 ,2.75765 ,0.000168727 ,0.28105
0.141268 ,0.141087 ,2.90681 ,0.000101294 ,0.527563
0.0836208 ,0.083274 ,1.71843 ,8.55678e-05 ,0.0131555
0.128305 ,0.127773 ,2.63671 ,0.000611016 ,0.619156
0.0586391 ,0.0583959 ,1.20505 ,0.000898993 ,0.0634866
0.101639 ,0.101217 ,2.08871 ,6.81481e-05 ,0.019207
0.0908854 ,0.0905085 ,1.86772 ,0.00015872 ,0.0308462
nan ,nan ,nan ,3.56992e-06 ,0.0527113
0.134438 ,0.133881 ,2.76274 ,0.000121262 ,0.20916
nan ,nan ,nan ,2.3939e-06 ,0.68483
0.0511982 ,0.0509858 ,1.05214 ,0.000992986 ,0.0547949
0.0240725 ,0.0239727 ,0.494698 ,0.00062276 ,0.0108598
0.133412 ,0.132859 ,2.74166 ,8.04303e-05 ,0.123911
nan ,nan ,nan ,4.39791e-06 ,0.0170196
0.0945562 ,0.094164 ,1.94316 ,0.000368843 ,0.0815182
0.144979 ,0.143642 ,2.97845 ,1.01621e-05 ,0.600006
0.145137 ,0.14384 ,2.97976 ,7.41881e-06 ,0.545963
0.141455 ,0.141328 ,2.91655 ,0.000124295 ,0.741519
0.0772854 ,0.0769648 ,1.58824 ,0.000822566 ,0.103782
0.133229 ,0.132677 ,2.7379 ,0.000221386 ,0.336257
0.10888 ,0.108429 ,2.23752 ,0.000340963 ,0.127467
0.138241 ,0.137662 ,2.84081 ,3.12806e-05 ,0.0848461
0.109094 ,0.108642 ,2.24192 ,0.000486779 ,0.183796
nan ,nan ,nan ,5.27332e-06 ,0.0352403
0.128556 ,0.128022 ,2.64185 ,1.34201e-05 ,0.0138436
0.143518 ,0.142877 ,2.94652 ,1.04671e-05 ,0.112048
0.143648 ,0.143858 ,2.96132 ,1.37685e-05 ,0.237513
0.142338 ,0.14163 ,2.92392 ,6.08444e-06 ,0.0487376
0.143696 ,0.143885 ,2.96617 ,1.41346e-05 ,0.305196
0.0366544 ,0.0365024 ,0.75326 ,0.0004864 ,0.0155725
nan ,nan ,nan ,2.24822e-06 ,0.0555952
nan ,nan ,nan ,1.17921e-06 ,0.0130818
0.0891417 ,0.088772 ,1.83189 ,5.9891e-05 ,0.0110571
nan ,nan ,nan ,5.59155e-06 ,0.100747
0.133327 ,0.132774 ,2.7399 ,0.000168079 ,0.257371
0.0790168 ,0.0786891 ,1.62382 ,0.000313173 ,0.042047
nan ,nan ,nan ,1.9408e-06 ,0.0200238
0.125795 ,0.125273 ,2.58512 ,0.000209705 ,0.180267
0.140507 ,0.139767 ,2.88539 ,0.000137899 ,0.558644
0.131229 ,0.130684 ,2.69679 ,0.000124451 ,0.159308
0.133688 ,0.133133 ,2.74732 ,1.54431e-05 ,0.0243344
0.0887388 ,0.0883708 ,1.82361 ,0.000142887 ,0.0260905
0.0534387 ,0.0532171 ,1.09818 ,0.000480247 ,0.0285714
0.125111 ,0.124592 ,2.57107 ,8.12682e-05 ,0.0667801
0.11925 ,0.118755 ,2.45062 ,0.000893225 ,0.531103
0.139939 ,0.139293 ,2.87556 ,0.000119554 ,0.442392
0.0650248 ,0.0647551 ,1.33628 ,0.000363629 ,0.031628
0.134926 ,0.134366 ,2.77277 ,6.12164e-06 ,0.0113177
0.123147 ,0.122636 ,2.53071 ,3.05171e-05 ,0.0223426
0.14058 ,0.139965 ,2.88849 ,1.55568e-05 ,0.0648862
0.121196 ,0.120693 ,2.49061 ,7.69869e-05 ,0.050288
0.13901 ,0.138437 ,2.85674 ,6.29696e-06 ,0.0202011
0.117681 ,0.117193 ,2.41838 ,3.288e-05 ,0.0179145
0.125361 ,0.124841 ,2.5762 ,3.61847e-05 ,0.029962
0.141697 ,0.141188 ,2.913 ,1.20113e-05 ,0.0678405
0.107646 ,0.1072 ,2.21216 ,0.000358594 ,0.127826
0.129538 ,0.129001 ,2.66205 ,1.93824e-05 ,0.0214721
0.114577 ,0.114102 ,2.3546 ,9.41986e-05 ,0.0448032
0.044486 ,0.0443015 ,0.9142 ,0.000955999 ,0.041479
nan ,nan ,nan ,1.15033e-06 ,0.0705157
0.143128 ,0.143847 ,2.96851 ,3.58902e-05 ,0.865074
0.135223 ,0.134661 ,2.77886 ,7.1653e-05 ,0.132839
0.141179 ,0.140809 ,2.90189 ,0.000102589 ,0.501056
nan ,nan ,nan ,3.68759e-06 ,0.0886002
0.0679509 ,0.0676691 ,1.39641 ,0.000567327 ,0.0537828
0.141629 ,0.141278 ,2.92017 ,0.000139232 ,0.87068
nan ,nan ,nan ,1.50655e-06 ,0.202385
0.0453505 ,0.0451624 ,0.931965 ,0.000919285 ,0.0411657
nan ,nan ,nan ,1.47891e-06 ,0.0540793
0.144202 ,0.143636 ,2.97317 ,1.36735e-05 ,0.460672
0.114092 ,0.113619 ,2.34462 ,0.000673768 ,0.312612
nan ,nan ,nan ,1.30125e-06 ,0.364728
nan ,nan ,nan ,3.59061e-06 ,0.195954
0.129445 ,0.128908 ,2.66013 ,1.23821e-05 ,0.0136013
0.13211 ,0.131562 ,2.71489 ,0.00054312 ,0.743175
0.134843 ,0.134284 ,2.77106 ,1.73587e-05 ,0.0306447
nan ,nan ,nan ,3.8724e-06 ,0.158051
0.126906 ,0.12638 ,2.60796 ,0.000289618 ,0.267279
nan ,nan ,nan ,1.07116e-06 ,0.0615492
0.131858 ,0.131311 ,2.70972 ,3.81806e-05 ,0.0510825
0.141782 ,0.141361 ,2.91689 ,3.37583e-05 ,0.201069
nan ,nan ,nan ,4.79647e-06 ,0.0600102
0.101486 ,0.101065 ,2.08557 ,0.000956145 ,0.270197
nan ,nan ,nan ,5.0078e-06 ,0.0715804
nan ,nan ,nan ,1.25756e-06 ,0.162438
0.087939 ,0.0875742 ,1.80717 ,0.000777387 ,0.138332
0.144636 ,0.143826 ,2.97498 ,6.69589e-06 ,0.284482
nan ,nan ,nan ,2.51296e-06 ,0.198598
0.0396924 ,0.0395278 ,0.815691 ,0.000366684 ,0.0132606
0.145465 ,0.143485 ,2.98123 ,1.25897e-05 ,1.17681
0.14343 ,0.143815 ,2.96937 ,2.39642e-05 ,0.598239
0.0465157 ,0.0463228 ,0.955911 ,0.000894145 ,0.0417475
0.140706 ,0.140147 ,2.89169 ,6.09153e-06 ,0.0305967
nan ,nan ,nan ,1.32718e-06 ,0.73503
nan ,nan ,nan ,3.38682e-06 ,0.0374279
0.128705 ,0.128171 ,2.64493 ,3.78843e-05 ,0.0393904
0.128038 ,0.127507 ,2.63122 ,6.36535e-05 ,0.063063
0.141669 ,0.141222 ,2.91323 ,2.25493e-05 ,0.12654
0.123716 ,0.123203 ,2.5424 ,1.57736e-05 ,0.0118918
nan ,nan ,nan ,1.782e-06 ,0.0109129
nan ,nan ,nan ,1.72206e-06 ,0.229185
0.14105 ,0.140467 ,2.89743 ,6.2238e-05 ,0.285036
nan ,nan ,nan ,1.62018e-06 ,0.0508473
0.141066 ,0.140491 ,2.89886 ,7.62946e-06 ,0.0363142
0.0641846 ,0.0639184 ,1.31901 ,0.000886159 ,0.0748331
0.0951698 ,0.0947751 ,1.95577 ,0.000206035 ,0.0463118
0.107683 ,0.107237 ,2.21292 ,3.19811e-05 ,0.0112529
nan ,nan ,nan ,3.27278e-06 ,0.20165
0.0986844 ,0.0982751 ,2.02799 ,0.000529672 ,0.134408
0.142752 ,0.141969 ,2.93208 ,1.25702e-05 ,0.0968617
0.141304 ,0.140814 ,2.90424 ,3.09313e-05 ,0.153881
0.136021 ,0.135457 ,2.79526 ,0.000112722 ,0.230469
0.131738 ,0.131191 ,2.70724 ,9.47016e-05 ,0.126062
0.141314 ,0.140855 ,2.90474 ,3.69152e-05 ,0.185549
0.0628862 ,0.0626254 ,1.29233 ,0.000589686 ,0.0478638
nan ,nan ,nan ,2.07073e-06 ,0.04245
0.120001 ,0.119503 ,2.46606 ,2.86574e-05 ,0.0174809
nan ,nan ,nan ,1.72475e-06 ,0.376103
0.217065 ,0.216834 ,4.46574 ,1e-05 ,0.196
0.0252706 ,0.0251658 ,0.519318 ,0.00014836 ,0.0223164
0.231302 ,0.230305 ,4.75596 ,3.49945e-06 ,0.179157
0.0710422 ,0.0707475 ,1.45994 ,0.000347472 ,0.211824
0.20477 ,0.203061 ,4.19401 ,2.56767e-05 ,0.301993
0.185731 ,0.185283 ,3.82236 ,2.7156e-05 ,0.189622
0.122783 ,0.122274 ,2.52322 ,0.000434985 ,0.760858
0.0257591 ,0.0256523 ,0.529358 ,0.000169411 ,0.0260744
0.0132108 ,0.01314 ,0.271483 ,0.000952712 ,0.0659416
0.0334921 ,0.0333532 ,0.688273 ,8.5402e-05 ,0.0183202
0.151021 ,0.1504 ,3.10358 ,5.629e-06 ,0.0180488
0.062425 ,0.0621661 ,1.28285 ,0.000436374 ,0.217975
0.176298 ,0.176362 ,3.62505 ,0.000173425 ,0.969378
0.045211 ,0.0450235 ,0.929099 ,5.15451e-05 ,0.0164447
0.107337 ,0.106892 ,2.20582 ,0.000359071 ,0.461756
0.0362498 ,0.0360994 ,0.744943 ,8.24114e-05 ,0.0195666
0.235335 ,0.234164 ,4.83587 ,2.2884e-06 ,0.197575
0.0914671 ,0.0910878 ,1.87968 ,0.000286043 ,0.268161
0.238358 ,0.236512 ,4.89324 ,7.06708e-06 ,0.967075
0.0226962 ,0.022602 ,0.466413 ,0.000148789 ,0.0196292
0.0563382 ,0.0561046 ,1.15777 ,0.000245717 ,0.105635
0.0495479 ,0.0493424 ,1.01822 ,0.000626333 ,0.224327
0.183015 ,0.182377 ,3.76249 ,8.89416e-06 ,0.0577425
0.103655 ,0.103225 ,2.13013 ,0.000203407 ,0.243004
0.101485 ,0.101064 ,2.08554 ,7.73162e-05 ,0.0883482
0.00138647 ,0.00326755 ,0.108746 ,0.00036168 ,0.0108757
0.168969 ,0.16803 ,3.46837 ,7.7118e-05 ,0.35929
0.213167 ,0.212752 ,4.37937 ,1.61323e-05 ,0.263181
0.240732 ,0.239328 ,4.94347 ,2.66316e-06 ,0.995774
0.0645264 ,0.0642588 ,1.32604 ,0.000390997 ,0.205321
0.130043 ,0.129504 ,2.67242 ,2.67872e-05 ,0.0536795
0.199332 ,0.198371 ,4.09401 ,1.30747e-06 ,0.0170337
0.131852 ,0.131305 ,2.7096 ,0.000526388 ,1.10635
0.180415 ,0.179687 ,3.70806 ,2.136e-06 ,0.0147381
0.0228785 ,0.0227836 ,0.470159 ,0.000331857 ,0.0440924
0.00873516 ,0.00869893 ,0.17951 ,0.000392584 ,0.0168802
0.240205 ,0.238728 ,4.93362 ,1.09567e-06 ,0.842864
0.117198 ,0.116712 ,2.40845 ,0.000124431 ,0.193991
0.193259 ,0.192219 ,3.97263 ,2.33451e-05 ,0.197987
0.166202 ,0.165458 ,3.41493 ,1.44873e-05 ,0.0628863
0.0825966 ,0.082254 ,1.69738 ,5.28325e-05 ,0.0413523
0.0477125 ,0.0475146 ,0.980505 ,0.00016773 ,0.0571476
0.136786 ,0.136217 ,2.81099 ,3.25003e-05 ,0.074816
0.0325862 ,0.0324511 ,0.669657 ,0.000379757 ,0.0782246
0.0925539 ,0.09217 ,1.90201 ,3.92195e-05 ,0.0375903
0.113152 ,0.112682 ,2.3253 ,9.61676e-06 ,0.0141686
0.176891 ,0.177105 ,3.63943 ,0.000169738 ,0.964673
0.0464762 ,0.0462835 ,0.9551 ,0.000971845 ,0.318655
0.0389581 ,0.0387965 ,0.8006 ,0.000753518 ,0.195185
0.0110366 ,0.0109908 ,0.226805 ,0.000255995 ,0.0144775
0.160543 ,0.15987 ,3.29933 ,1.35786e-05 ,0.0520199
0.0264592 ,0.0263494 ,0.543743 ,6.89988e-05 ,0.0110643
0.195646 ,0.194443 ,4.019 ,1.95978e-05 ,0.176978
0.178477 ,0.177796 ,3.6681 ,6.78812e-06 ,0.0396622
0.104657 ,0.104223 ,2.15074 ,0.000255874 ,0.311849
0.0777073 ,0.077385 ,1.59691 ,0.000401045 ,0.282726
0.239773 ,0.238675 ,4.92618 ,1.13412e-06 ,0.401523
0.136844 ,0.136276 ,2.81218 ,7.92736e-06 ,0.0186523
0.179899 ,0.179941 ,3.7044 ,7.80586e-05 ,0.476934
0.198524 ,0.197526 ,4.07803 ,5.17557e-06 ,0.05174
0.139298 ,0.138714 ,2.86251 ,0.000297997 ,0.731611
0.153671 ,0.153102 ,3.15938 ,0.000335716 ,1.1241
0.136066 ,0.135502 ,2.79621 ,2.0169e-05 ,0.0457335
0.087319 ,0.0869569 ,1.79443 ,0.000221041 ,0.190451
0.0456986 ,0.0455091 ,0.93912 ,8.73884e-05 ,0.0281421
0.0333245 ,0.0331863 ,0.684829 ,9.02847e-05 ,0.0192348
0.226678 ,0.226405 ,4.67346 ,1.28195e-05 ,0.449797
0.015048 ,0.0149856 ,0.309242 ,0.000596522 ,0.0479141
0.174899 ,0.174223 ,3.5931 ,3.31188e-05 ,0.176148
0.088975 ,0.0886059 ,1.82846 ,0.000112739 ,0.100459
0.177515 ,0.177201 ,3.64995 ,6.58267e-05 ,0.376609
0.0183187 ,0.0182427 ,0.376454 ,0.000465366 ,0.0472652
0.232429 ,0.231175 ,4.7829 ,1.29308e-05 ,0.730954
0.217427 ,0.217046 ,4.47234 ,7.43933e-06 ,0.148518
0.202983 ,0.201839 ,4.16705 ,8.21886e-06 ,0.092646
0.059154 ,0.0589087 ,1.21563 ,3.09054e-05 ,0.014456
0.228545 ,0.227614 ,4.69819 ,1.1644e-06 ,0.0604989
0.206258 ,0.20422 ,4.21524 ,9.17115e-05 ,1.12759
0.0976589 ,0.0972538 ,2.00692 ,0.000508169 ,0.539137
0.214249 ,0.213112 ,4.40057 ,1.24142e-06 ,0.0276335
0.00766779 ,0.00763598 ,0.157575 ,0.000315383 ,0.0113499
0.0501532 ,0.0499451 ,1.03066 ,6.30398e-05 ,0.0231072
0.0575431 ,0.0573044 ,1.18253 ,0.00074247 ,0.328783
0.08428 ,0.0839305 ,1.73198 ,1.42606e-05 ,0.0118366
0.224752 ,0.224116 ,4.62391 ,4.0478e-06 ,0.12362
0.238784 ,0.237463 ,4.9047 ,2.41457e-06 ,0.413395
0.192701 ,0.19184 ,3.95968 ,2.56932e-06 ,0.023301
0.0205203 ,0.0204352 ,0.421699 ,0.000439243 ,0.0511353
0.0138001 ,0.0137429 ,0.283596 ,0.000268151 ,0.0195409
0.0553154 ,0.055086 ,1.13675 ,0.000708485 ,0.296351
0.0828173 ,0.0824738 ,1.70192 ,0.000420876 ,0.330511
0.0281105 ,0.0279939 ,0.577679 ,0.00032536 ,0.0556924
0.072685 ,0.0723835 ,1.4937 ,1.59848e-05 ,0.0103967
0.0110962 ,0.01094 ,0.230692 ,0.000838287 ,0.0482344
0.23648 ,0.235722 ,4.85849 ,1.03497e-06 ,0.178796
0.161048 ,0.160352 ,3.30973 ,3.19129e-05 ,0.123883
0.0678601 ,0.0675786 ,1.39454 ,0.000320156 ,0.181657
0.219232 ,0.218928 ,4.51142 ,7.49693e-06 ,0.164128
0.204409 ,0.203574 ,4.19963 ,1.225e-06 ,0.0192261
0.0839271 ,0.083579 ,1.72473 ,1.74152e-05 ,0.0142398
0.013626 ,0.0135695 ,0.280019 ,0.000675851 ,0.0484654
0.0294075 ,0.0292856 ,0.604334 ,0.000725589 ,0.131216
0.0207254 ,0.0206395 ,0.425914 ,0.000659754 ,0.0776997
0.238243 ,0.236961 ,4.89403 ,2.3443e-06 ,0.349773
0.0563063 ,0.0560727 ,1.15711 ,0.000522836 ,0.224394
0.0700685 ,0.0697779 ,1.43993 ,0.000436752 ,0.260486
0.0835916 ,0.0832449 ,1.71783 ,4.73091e-05 ,0.0378112
0.0414446 ,0.0412727 ,0.851698 ,5.63605e-05 ,0.0159992
0.211291 ,0.210566 ,4.34321 ,1.68262e-06 ,0.0301459
0.0334457 ,0.0333069 ,0.687318 ,0.000167073 ,0.0356427
0.175275 ,0.174697 ,3.60085 ,5.75148e-05 ,0.310405
0.228442 ,0.2277 ,4.70108 ,5.67856e-06 ,0.223284
0.188223 ,0.187416 ,3.86808 ,2.05229e-06 ,0.0172771
0.112574 ,0.112107 ,2.31343 ,0.000675272 ,0.963772
0.180311 ,0.181066 ,3.72164 ,0.000143688 ,0.898696
0.160614 ,0.15994 ,3.30079 ,1.39877e-05 ,0.0536614
0.146726 ,0.14612 ,3.01527 ,5.14803e-06 ,0.0152091
0.179528 ,0.178884 ,3.69006 ,1.05552e-05 ,0.0627002
0.0112539 ,0.0112072 ,0.23127 ,0.000335754 ,0.0193672
0.019238 ,0.0191582 ,0.395346 ,0.000548592 ,0.0590847
0.0565116 ,0.0562772 ,1.16133 ,7.33053e-05 ,0.0317581
0.235867 ,0.23462 ,4.8465 ,2.99058e-06 ,0.270324
0.220584 ,0.219558 ,4.53251 ,1.38932e-06 ,0.0397693
0.240236 ,0.23896 ,4.93414 ,1.91947e-06 ,0.589047
0.0438609 ,0.043679 ,0.901354 ,3.62933e-05 ,0.0112018
0.208286 ,0.206989 ,4.26714 ,2.56772e-05 ,0.341287
0.239824 ,0.238766 ,4.93197 ,1.10148e-06 ,0.486729
0.0767847 ,0.0961768 ,-0.00839709 ,0.000909515 ,0.0260144
0.126309 ,0.125785 ,2.59569 ,1.07168e-05 ,0.0202151
0.125499 ,0.124979 ,2.57905 ,3.55872e-05 ,0.0651021
0.139466 ,0.138879 ,2.86597 ,0.000101785 ,0.249787
-0.0624161 ,-0.0781794 ,0.00682575 ,0.000668791 ,0.011123
0.0905235 ,0.090148 ,1.86028 ,0.000799812 ,0.73482
0.0306909 ,0.0305636 ,0.630707 ,6.32426e-05 ,0.0122031
0.220861 ,0.221437 ,4.55751 ,2.34827e-05 ,0.579527
0.211686 ,0.211179 ,4.34374 ,3.06027e-05 ,0.468285
0.0738998 ,0.0735933 ,1.51866 ,5.65943e-05 ,0.0368429
0.0928728 ,0.0924876 ,1.90856 ,8.52832e-05 ,0.0821834
0.113074 ,0.112605 ,2.3237 ,3.14657e-05 ,0.0450687
0.23893 ,0.237567 ,4.9074 ,2.76101e-06 ,0.482874
0.0280188 ,0.0279026 ,0.575794 ,0.00061384 ,0.104539
-0.0727621 ,-0.0911382 ,0.00795718 ,0.000798526 ,0.0191682
0.0516744 ,0.0647397 ,-0.00565741 ,0.000404709 ,0.0119098
0.0848601 ,0.0845081 ,1.7439 ,0.000445191 ,0.364727
0.120201 ,0.119702 ,2.47016 ,2.08444e-05 ,0.0343938
0.125524 ,0.125004 ,2.57956 ,0.000445172 ,0.822714
0.240107 ,0.238775 ,4.9315 ,2.30361e-06 ,0.640962
0.146065 ,0.145462 ,3.00155 ,7.70839e-05 ,0.217395
0.231244 ,0.230202 ,4.76069 ,1.20988e-05 ,0.610664
0.0732384 ,0.0729346 ,1.50507 ,5.7968e-05 ,0.0371942
0.026616 ,0.0265056 ,0.546967 ,0.000118823 ,0.0190732
0.203495 ,0.202539 ,4.17987 ,3.53614e-06 ,0.0423046
0.0117301 ,0.0116813 ,0.241058 ,0.000725387 ,0.043887
0.192296 ,0.191202 ,3.9547 ,3.99638e-05 ,0.332482
0.0642731 ,0.0640065 ,1.32083 ,2.68342e-05 ,0.0142211
0.213563 ,0.213686 ,4.38973 ,5.18611e-05 ,0.87417
0.239434 ,0.237769 ,4.91546 ,4.89025e-06 ,0.930254
0.0280405 ,0.0279242 ,0.576241 ,8.74578e-05 ,0.015012
0.222052 ,0.22125 ,4.56503 ,1.69733e-06 ,0.0496402
0.0132366 ,0.0131817 ,0.272016 ,0.000443928 ,0.030787
0.016611 ,0.0165421 ,0.341361 ,0.000134153 ,0.0121738
0.0376745 ,0.0375183 ,0.774223 ,4.15966e-05 ,0.0104962
0.226048 ,0.22599 ,4.66447 ,2.96702e-05 ,1.01701
0.234722 ,0.233469 ,4.82403 ,4.16032e-06 ,0.310225
0.235034 ,0.233883 ,4.82872 ,1.55878e-06 ,0.139748
0.225281 ,0.224562 ,4.63245 ,1.52838e-06 ,0.0561319
0.180338 ,0.179731 ,3.70717 ,1.32087e-05 ,0.0799415
0.237293 ,0.235696 ,4.87371 ,5.7137e-06 ,0.63261
0.0566984 ,0.0564633 ,1.16517 ,0.000285874 ,0.124007
0.205186 ,0.202966 ,4.1932 ,7.44632e-05 ,0.882361
0.237037 ,0.235428 ,4.86866 ,6.07517e-06 ,0.639035
0.0828531 ,0.0825095 ,1.70266 ,2.4263e-05 ,0.0192418
0.203899 ,0.202388 ,4.18016 ,1.8804e-05 ,0.215809
0.194813 ,0.193909 ,4.00295 ,4.18134e-06 ,0.0380873
0.239347 ,0.237978 ,4.91617 ,1.37796e-06 ,0.333875
0.127196 ,0.126669 ,2.61392 ,4.97129e-05 ,0.0942247
0.0444084 ,0.0442242 ,0.912605 ,9.40922e-05 ,0.0291419
0.187747 ,0.187013 ,3.85945 ,5.66443e-06 ,0.0420044
0.0433076 ,0.043128 ,0.889985 ,5.15601e-05 ,0.0155326
0.0246668 ,0.0245645 ,0.50691 ,0.000653091 ,0.0950432
0.194976 ,0.193853 ,4.00606 ,1.82548e-05 ,0.161853
0.132599 ,0.13205 ,2.72497 ,1.85913e-05 ,0.0392937
0.236446 ,0.235055 ,4.85775 ,4.29907e-06 ,0.414894
0.234282 ,0.23274 ,4.80712 ,1.13672e-06 ,0.106076
0.197842 ,0.195868 ,4.05664 ,4.12534e-05 ,0.395576
0.0670774 ,0.0667992 ,1.37846 ,5.26274e-05 ,0.029448
0.21987 ,0.219857 ,4.52819 ,1.07985e-05 ,0.245595
0.239896 ,0.238261 ,4.92486 ,4.46057e-06 ,1.01107
0.179062 ,0.178369 ,3.68023 ,4.23085e-06 ,0.025713
0.19208 ,0.191372 ,3.94765 ,1.36946e-06 ,0.0143807
0.0298336 ,0.0297098 ,0.613089 ,0.000659618 ,0.121464
0.208316 ,0.207452 ,4.27969 ,3.19417e-06 ,0.0455232
0.235777 ,0.234451 ,4.84471 ,4.09604e-06 ,0.355786
0.186382 ,0.185708 ,3.83203 ,8.34463e-06 ,0.0590822
0.0398185 ,0.0396533 ,0.818282 ,0.000113948 ,0.0305033
0.0553584 ,0.0551288 ,1.13763 ,5.02518e-05 ,0.021201
0.0620365 ,0.0777039 ,-0.00678422 ,0.000482062 ,0.0108753
0.1022 ,0.101776 ,2.10024 ,2.62589e-05 ,0.0304962
0.120983 ,0.120481 ,2.48623 ,5.86418e-05 ,0.0982208
0.0824427 ,0.0821007 ,1.69422 ,0.000237203 ,0.184829
0.106695 ,0.106253 ,2.19262 ,0.000146166 ,0.185285
0.204654 ,0.203691 ,4.20343 ,3.96933e-06 ,0.048833
0.0420813 ,0.0419068 ,0.864783 ,9.38396e-05 ,0.0270483
0.158024 ,0.15735 ,3.24843 ,0.000161363 ,0.593815
0.0987773 ,0.0983676 ,2.0299 ,0.000640502 ,0.69482
0.23057 ,0.229604 ,4.74053 ,2.75036e-06 ,0.134299
0.133906 ,0.13335 ,2.75182 ,0.000139147 ,0.304343
0.12261 ,0.122101 ,2.51966 ,6.48698e-06 ,0.0117411
0.160372 ,0.159694 ,3.29594 ,2.67699e-05 ,0.10224
0.0638899 ,0.0636249 ,1.31296 ,0.000415749 ,0.215051
0.114906 ,0.11443 ,2.36136 ,5.33072e-05 ,0.079165
0.128876 ,0.128342 ,2.64844 ,1.61253e-05 ,0.0316746
0.199158 ,0.197506 ,4.08502 ,2.58489e-05 ,0.257113
0.0556203 ,0.0553896 ,1.14301 ,2.58343e-05 ,0.0111267
0.235741 ,0.234556 ,4.84394 ,2.29121e-06 ,0.210291
0.177633 ,0.177111 ,3.65117 ,3.46106e-05 ,0.196978
0.234674 ,0.23301 ,4.82437 ,1.65237e-05 ,1.19153
0.0378529 ,0.0376959 ,0.777889 ,0.00027945 ,0.0698218
0.241299 ,0.240119 ,4.95008 ,1.14225e-06 ,0.991753
0.237092 ,0.235889 ,4.87138 ,2.03467e-06 ,0.242534
0.0774144 ,0.0770933 ,1.59089 ,5.15428e-05 ,0.0361978
0.144001 ,0.143414 ,2.95926 ,0.000432701 ,1.17445
0.11477 ,0.114294 ,2.35855 ,2.94833e-05 ,0.0436563
0.0855795 ,0.0852245 ,1.75868 ,1.78732e-05 ,0.015094
0.134719 ,0.134157 ,2.76851 ,0.000170718 ,0.380108
0.203344 ,0.202345 ,4.17625 ,4.49498e-06 ,0.0525157
0.0923894 ,0.0920062 ,1.89863 ,3.68366e-05 ,0.0352033
0.134629 ,0.134068 ,2.76664 ,0.000316996 ,0.70558
0.240203 ,0.238884 ,4.93294 ,1.65716e-06 ,0.516131
0.197465 ,0.196539 ,4.05683 ,3.04985e-06 ,0.0308452
0.215817 ,0.215247 ,4.437 ,5.55986e-06 ,0.103439
-0.0634909 ,-0.0795256 ,0.0069433 ,0.000580212 ,0.0109068
0.0908391 ,0.0904623 ,1.86677 ,0.000250011 ,0.231408
0.15368 ,0.153049 ,3.15827 ,6.01059e-06 ,0.0202964
0.0290943 ,0.0289737 ,0.597897 ,0.000328067 ,0.0586143
0.0662609 ,0.0659861 ,1.36168 ,0.000351797 ,0.192387
0.153096 ,0.152526 ,3.14708 ,0.00010521 ,0.346701
0.155288 ,0.154662 ,3.19148 ,1.68581e-05 ,0.0575179
0.179429 ,0.180251 ,3.70235 ,0.000166557 ,1.0185
0.221954 ,0.222324 ,4.57881 ,1.65524e-05 ,0.43101
0.0268907 ,0.0267792 ,0.552612 ,0.000170949 ,0.0277419
0.117422 ,0.116935 ,2.41305 ,0.000634691 ,0.997411
0.23586 ,0.234446 ,4.84626 ,5.12972e-06 ,0.446175
0.0463977 ,0.0462052 ,0.953485 ,0.000497088 ,0.162688
0.204328 ,0.203302 ,4.19591 ,5.42553e-06 ,0.0647722
0.240306 ,0.239081 ,4.94331 ,1.19503e-06 ,0.641456
0.0987722 ,0.0983626 ,2.0298 ,0.000760525 ,0.824856
0.146997 ,0.146388 ,3.02078 ,1.42955e-05 ,0.0408368
-0.0626373 ,-0.0784564 ,0.00684993 ,0.000880566 ,0.0287821
0.189213 ,0.188553 ,3.89373 ,2.95068e-05 ,0.225816
0.0134071 ,0.0133515 ,0.275521 ,0.000172149 ,0.0121644
0.0583305 ,0.0580886 ,1.19871 ,0.000410531 ,0.185494
0.0117504 ,0.0117042 ,0.241486 ,0.000765422 ,0.0464128
0.137273 ,0.136702 ,2.821 ,2.30706e-05 ,0.0536124
0.139631 ,0.13905 ,2.86944 ,6.98002e-06 ,0.0174868
0.080992 ,0.080656 ,1.66441 ,0.000122717 ,0.0927929
0.0529851 ,0.0527653 ,1.08886 ,0.000176298 ,0.0694851
0.118714 ,0.118221 ,2.4396 ,0.000706779 ,1.13948
0.240785 ,0.239419 ,4.94471 ,2.18432e-06 ,0.875548
0.236316 ,0.234747 ,4.85314 ,1.24165e-06 ,0.149976
0.00710143 ,0.00707197 ,0.145936 ,0.000327992 ,0.0108635
0.140385 ,0.139802 ,2.88494 ,5.90331e-06 ,0.0151817
0.0174584 ,0.017386 ,0.358776 ,0.000554399 ,0.0531345
0.239501 ,0.238024 ,4.91679 ,1.22489e-06 ,0.338418
0.21778 ,0.217365 ,4.47958 ,6.70588e-06 ,0.136413
0.0330442 ,0.0329072 ,0.679069 ,0.000166388 ,0.0349559
0.227932 ,0.227363 ,4.69463 ,8.92627e-06 ,0.339333
0.0214771 ,0.021388 ,0.44136 ,0.000291794 ,0.0359143
0.186626 ,0.186084 ,3.83964 ,2.0982e-05 ,0.149433
0.0998175 ,0.0994035 ,2.05128 ,0.000151708 ,0.167915
0.210686 ,0.209892 ,4.32978 ,2.09011e-06 ,0.0347012
0.0601712 ,0.0599216 ,1.23653 ,8.06162e-05 ,0.0382464
0.0449326 ,0.0447462 ,0.923377 ,0.000123679 ,0.0388716
0.241267 ,0.239846 ,4.95522 ,1.50239e-06 ,1.05508
0.0103253 ,0.0102825 ,0.212188 ,0.000353941 ,0.0185716
0.0777642 ,0.0774417 ,1.59808 ,0.000299923 ,0.211722
0.0645566 ,0.0642888 ,1.32666 ,0.000518554 ,0.272433
0.226788 ,0.226025 ,4.66318 ,1.51411e-06 ,0.0617348
0.0602405 ,0.0599907 ,1.23796 ,0.000358074 ,0.169657
0.146612 ,0.146005 ,3.01283 ,3.76915e-05 ,0.106885
0.0662784 ,0.0660035 ,1.36204 ,0.00026006 ,0.142311
0.0991516 ,0.0987404 ,2.03759 ,0.000686329 ,0.750071
0.186393 ,0.185563 ,3.82966 ,1.0784e-06 ,0.0109645
0.100387 ,0.0999704 ,2.06298 ,0.000677768 ,0.759225
0.165579 ,0.164799 ,3.4018 ,2.79984e-05 ,0.120014
0.0252561 ,0.0251513 ,0.51902 ,0.000368273 ,0.0552119
0.0907717 ,0.0903953 ,1.86539 ,9.72227e-05 ,0.0898282
0.0101082 ,0.0100663 ,0.207726 ,0.000473802 ,0.0242957
0.0834782 ,0.083132 ,1.7155 ,0.000114549 ,0.0912185
0.0584916 ,0.058249 ,1.20202 ,0.000103117 ,0.0468977
0.236923 ,0.235048 ,4.8656 ,9.62048e-06 ,0.973254
0.0345486 ,0.0344053 ,0.709983 ,0.000425552 ,0.0944176
0.0612848 ,0.0610306 ,1.25942 ,0.000824312 ,0.400435
0.221037 ,0.22026 ,4.54353 ,1.58549e-06 ,0.0446665
0.0151331 ,0.0150704 ,0.310991 ,0.000634687 ,0.0513079
0.0716359 ,0.0713388 ,1.47214 ,0.000136502 ,0.0843955
0.0527785 ,0.0525596 ,1.08461 ,8.08349e-05 ,0.0317627
0.23913 ,0.237358 ,4.90875 ,5.8737e-06 ,0.997567
0.084467 ,0.0841167 ,1.73582 ,0.000194688 ,0.158214
0.161907 ,0.161213 ,3.32726 ,1.80572e-05 ,0.0712318
