-1.10857 ,0.827598 ,3.99893 ,1e-05 ,0.196
-1.01283 ,0.754902 ,3.65573 ,0.000450196 ,5.05095
-0.146145 ,0.101171 ,0.489792 ,5.98892e-08 ,0.463309
-0.53493 ,0.398882 ,1.92844 ,6.22884e-05 ,0.0929007
-1.16445 ,0.870105 ,4.20028 ,2.6898e-05 ,0.716923
-0.72644 ,0.544254 ,2.64009 ,4.08988e-07 ,0.393214
-0.38562 ,0.283987 ,1.38593 ,1.74067e-07 ,11.9222
-1.07954 ,0.805442 ,3.89615 ,6.25363e-05 ,0.921926
-1.22127 ,0.913162 ,4.40343 ,3.67204e-06 ,0.536736
-1.09754 ,0.817926 ,3.95593 ,1.44898e-06 ,0.0858729
-0.196198 ,0.148843 ,0.697537 ,8.43745e-08 ,0.0436409
-0.354279 ,0.271788 ,1.30515 ,1.68709e-07 ,0.0172637
-1.08916 ,0.81356 ,3.93083 ,1.43207e-06 ,0.075944
-0.249022 ,0.185374 ,0.878198 ,1.05892e-07 ,21.2538
-0.267885 ,0.199774 ,0.964233 ,3.66544e-05 ,0.0163527
-1.1856 ,0.885959 ,4.27526 ,0.000191202 ,6.225
-1.25428 ,0.937319 ,4.51911 ,4.92139e-06 ,1.86905
-0.426351 ,0.317914 ,1.53475 ,0.000270916 ,0.254432
-0.0719247 ,0.0746504 ,0.278087 ,3.89929e-08 ,0.626756
-1.25373 ,0.937049 ,4.51791 ,0.000712951 ,77.1964
-0.5198 ,0.385426 ,1.85291 ,2.77018e-07 ,0.0106027
-0.547796 ,0.408578 ,1.97409 ,3.24997e-05 ,0.0508599
-0.00147607 ,-0.0514223 ,-0.00776175 ,1.34978e-08 ,0.0280622
0.00943924 ,-0.0496525 ,0.000341928 ,1.05107e-08 ,0.497893
-0.702938 ,0.524466 ,2.52769 ,5.71793e-06 ,0.01677
-1.27469 ,0.952209 ,4.59034 ,6.32603e-06 ,61.9135
-0.337294 ,0.243909 ,1.23171 ,1.60698e-07 ,0.0110686
-0.948502 ,0.706143 ,3.42281 ,0.000966002 ,8.56039
-0.786235 ,0.584336 ,2.82069 ,1.29589e-05 ,0.0546307
-1.21399 ,0.90615 ,4.37158 ,2.91706e-06 ,0.740372
-0.912143 ,0.680885 ,3.28764 ,2.07987e-06 ,0.0169957
-1.24247 ,0.928553 ,4.47796 ,0.000653097 ,53.1337
-0.0288738 ,-0.0413744 ,-0.0150873 ,1.95655e-08 ,17.1481
-1.19995 ,0.896734 ,4.32641 ,3.83908e-05 ,1.49193
-0.283879 ,0.197985 ,1.0057 ,1.21828e-07 ,2.75509
-0.0739061 ,0.0551256 ,0.265972 ,0.000373464 ,0.0352705
-1.07326 ,0.802034 ,3.86694 ,1.01124e-06 ,4.40024
-0.0838094 ,0.0625003 ,0.301665 ,0.000173289 ,0.0187746
-0.305267 ,0.227651 ,1.09879 ,5.16462e-05 ,0.0276455
-1.28423 ,0.959986 ,4.62712 ,9.63082e-06 ,77.5141
-1.14873 ,0.857486 ,4.14096 ,3.15533e-06 ,0.119576
-1.27771 ,0.954871 ,4.60368 ,4.74003e-05 ,14.6008
-0.806588 ,0.599604 ,2.89605 ,8.26165e-06 ,0.0370799
-0.221656 ,0.165298 ,0.797833 ,3.06308e-05 ,0.0106446
-0.046584 ,0.0296902 ,0.165666 ,0.000344524 ,0.017116
-0.849004 ,0.630098 ,3.06737 ,5.37647e-07 ,0.158289
-1.28431 ,0.95987 ,4.62726 ,5.3927e-05 ,35.4179
-1.02206 ,0.760146 ,3.67827 ,8.27504e-07 ,74.8653
-0.753933 ,0.563216 ,2.71598 ,4.33808e-07 ,0.124482
-1.19423 ,0.892207 ,4.3032 ,2.98212e-06 ,0.286911
-1.28106 ,0.95761 ,4.61528 ,9.17725e-06 ,11.7656
-1.17334 ,0.876602 ,4.2217 ,1.76603e-06 ,8.22895
-0.394607 ,0.288011 ,1.40367 ,1.76808e-07 ,14.6386
-1.15012 ,0.857911 ,4.13721 ,1.49635e-06 ,3.7124
-0.518814 ,0.394826 ,1.89689 ,2.79461e-07 ,0.0130335
-1.26078 ,0.942081 ,4.5426 ,8.49847e-06 ,1.46311
-0.0133273 ,-0.0491475 ,-0.0134467 ,1.59061e-08 ,0.436107
-1.16938 ,0.873568 ,4.2179 ,4.95999e-06 ,0.182411
-0.495216 ,0.368914 ,1.76132 ,2.36652e-07 ,0.0588831
-0.83559 ,0.620653 ,2.99463 ,5.05124e-07 ,5.51821
-1.22597 ,0.916436 ,4.4193 ,0.000892426 ,52.3668
0.00882512 ,-0.0498999 ,-0.000207245 ,1.07314e-08 ,10.1927
-0.785631 ,0.582662 ,2.81795 ,0.000739516 ,3.29906
-1.23393 ,0.921585 ,4.44723 ,3.37219e-06 ,2.51911
-0.667016 ,0.499701 ,2.39182 ,0.000210665 ,0.546727
-1.25616 ,0.93857 ,4.52472 ,4.42867e-06 ,8.04924
-1.04872 ,0.782653 ,3.78548 ,9.80677e-06 ,0.137487
-1.15244 ,0.860941 ,4.1575 ,1.93468e-05 ,0.479779
-1.17841 ,0.880074 ,4.24856 ,3.33693e-06 ,0.186442
-0.952944 ,0.712971 ,3.43384 ,9.40684e-07 ,0.0222594
-1.22693 ,0.917165 ,4.42275 ,0.000766897 ,45.6782
-0.012787 ,-0.0492962 ,-0.0132612 ,1.57966e-08 ,0.0482035
-0.0103037 ,-0.0614301 ,0.0286575 ,3.53785e-08 ,0.0163613
-1.28576 ,0.960856 ,4.63263 ,2.02637e-05 ,19.0912
-0.133706 ,0.114112 ,0.505462 ,6.16325e-08 ,0.0433916
-1.03423 ,0.775179 ,3.72021 ,8.62802e-07 ,27.6655
-0.244691 ,0.186245 ,0.890701 ,1.08759e-07 ,0.0286334
-1.26332 ,0.944052 ,4.55211 ,1.05916e-05 ,1.77341
-0.491694 ,0.361842 ,1.77017 ,2.46071e-07 ,0.0199862
-1.28883 ,0.962977 ,4.64293 ,2.50117e-05 ,61.3577
-0.157531 ,0.120627 ,0.619099 ,7.37496e-08 ,3.08285
-0.459772 ,0.342744 ,1.65477 ,8.73445e-05 ,0.0942676
-1.1415 ,0.852305 ,4.11445 ,2.44404e-06 ,0.110183
-1.24151 ,0.927812 ,4.47443 ,0.000439963 ,34.9463
0.00957534 ,-0.0495969 ,0.000465967 ,1.04614e-08 ,47.0746
-0.69824 ,0.521225 ,2.4983 ,0.00066908 ,2.01987
-0.00887635 ,-0.0504345 ,-0.0116758 ,1.50307e-08 ,1.07488
-1.28416 ,0.959872 ,4.62711 ,9.7628e-06 ,53.7246
-0.162395 ,0.114425 ,0.6163 ,7.34783e-08 ,2.00022
-1.16885 ,0.873321 ,4.20765 ,2.17112e-06 ,0.23133
-1.28703 ,0.961748 ,4.636 ,3.05818e-05 ,32.769
-0.281299 ,0.208385 ,0.972166 ,1.18629e-07 ,0.107819
-1.224 ,0.914907 ,4.41233 ,0.000189359 ,10.675
-1.22613 ,0.916534 ,4.41488 ,3.29509e-06 ,0.966542
-0.184215 ,0.140468 ,0.643289 ,7.74775e-08 ,89.1359
-0.286967 ,0.214003 ,1.03291 ,0.000611875 ,0.297884
-1.00073 ,0.745707 ,3.60327 ,8.23388e-07 ,0.109934
-0.92455 ,0.688846 ,3.33848 ,9.52518e-07 ,0.0170031
0.00677263 ,-0.0505243 ,-0.00195621 ,1.1384e-08 ,0.0221687
-0.301923 ,0.225157 ,1.08675 ,0.000123356 ,0.064612
-0.121853 ,0.092211 ,0.447148 ,5.48143e-08 ,3.98066
-1.28141 ,0.957738 ,4.61684 ,3.81004e-05 ,16.4042
-1.13313 ,0.845745 ,4.08865 ,0.000633729 ,11.7128
-0.763547 ,0.569291 ,2.7419 ,4.62426e-07 ,0.0355563
-0.012844 ,-0.057191 ,0.02437 ,3.36948e-08 ,0.473193
-0.381005 ,0.284127 ,1.37141 ,0.000246987 ,0.189481
-1.28393 ,0.959522 ,4.6259 ,7.33331e-05 ,47.8127
-0.0217625 ,-0.0498532 ,0.0196373 ,3.13343e-08 ,41.9722
-0.502268 ,0.374283 ,1.81 ,0.000176681 ,0.229747
-0.0336344 ,-0.0381349 ,-0.0129251 ,2.13234e-08 ,0.782751
-0.536203 ,0.395641 ,1.89767 ,2.55988e-07 ,3.64981
-1.21961 ,0.911527 ,4.39682 ,5.05432e-05 ,2.60221
-1.06001 ,0.791023 ,3.82456 ,7.43584e-06 ,0.111978
-0.782805 ,0.591282 ,2.83598 ,4.57968e-07 ,38.7026
-0.171779 ,0.1406 ,0.618308 ,7.45458e-08 ,2.61657
-0.0864002 ,0.0644324 ,0.310991 ,0.000105411 ,0.0118729
-1.09167 ,0.816609 ,3.92609 ,1.08848e-06 ,4.26521
-0.128638 ,0.0965214 ,0.504679 ,6.07979e-08 ,89.7503
-1.22987 ,0.917826 ,4.42723 ,3.0401e-06 ,8.41829
0.044705 ,0.118841 ,-0.0333748 ,0.000799248 ,0.0290704
-1.12433 ,0.839411 ,4.05701 ,4.55467e-05 ,0.849557
-1.28444 ,0.95987 ,4.6276 ,0.000107236 ,79.7811
-1.27798 ,0.955375 ,4.60444 ,7.14581e-06 ,74.052
-1.27453 ,0.952405 ,4.59235 ,1.70879e-05 ,4.44669
-0.755527 ,0.564067 ,2.72024 ,4.27594e-07 ,6.19635
-1.28687 ,0.96176 ,4.63521 ,1.20316e-05 ,58.8148
-1.07905 ,0.804561 ,3.88231 ,1.11591e-06 ,0.16411
-0.20012 ,0.148 ,0.701346 ,8.43865e-08 ,0.242853
-1.14927 ,0.858563 ,4.13492 ,1.48513e-06 ,7.19463
-1.27427 ,0.952371 ,4.59145 ,2.84186e-05 ,6.85554
-1.19132 ,0.890294 ,4.29572 ,0.000135241 ,4.72699
-1.2479 ,0.932673 ,4.49729 ,6.34259e-05 ,5.71669
-0.241286 ,0.184423 ,0.884782 ,1.09847e-07 ,0.0130224
-0.566298 ,0.424899 ,2.05616 ,0.00067038 ,1.16788
-0.123173 ,0.0815294 ,0.35902 ,4.68943e-08 ,0.0131484
-0.492782 ,0.36085 ,1.75619 ,2.31606e-07 ,10.081
-1.24846 ,0.933092 ,4.499 ,4.57519e-06 ,1.46183
-0.327342 ,0.238606 ,1.19127 ,1.46332e-07 ,15.205
-0.267716 ,0.210947 ,0.969722 ,1.1818e-07 ,0.0728469
0.106511 ,0.0589653 ,0.0115024 ,0.0005139 ,0.0171466
-0.0852542 ,0.0420531 ,0.31475 ,4.11527e-08 ,0.215098
-0.291295 ,0.229319 ,1.05792 ,1.28919e-07 ,26.286
-1.04915 ,0.785448 ,3.77227 ,9.1004e-07 ,12.6183
-0.389911 ,0.290766 ,1.40348 ,0.000256575 ,0.20495
-1.16466 ,0.870213 ,4.20042 ,0.000550561 ,14.0341
-1.06979 ,0.798016 ,3.86121 ,0.000266032 ,3.74084
-0.903005 ,0.671514 ,3.25591 ,2.3524e-05 ,0.175822
-0.14664 ,0.109356 ,0.527819 ,0.000454942 ,0.0894461
-0.655927 ,0.491382 ,2.34198 ,3.40764e-07 ,9.26963
-1.22549 ,0.915869 ,4.41793 ,2.11522e-05 ,1.21254
-1.26784 ,0.947177 ,4.56766 ,5.50685e-06 ,16.0236
0.0586197 ,0.0812815 ,0.00351756 ,0.000613933 ,0.0110582
-1.28557 ,0.960822 ,4.63136 ,4.10146e-05 ,32.2878
-1.27518 ,0.952783 ,4.59354 ,1.33948e-05 ,3.88874
-1.20807 ,0.903248 ,4.35201 ,2.49642e-06 ,2.42039
-1.16246 ,0.866708 ,4.18138 ,1.62154e-06 ,7.34712
-0.810664 ,0.601386 ,2.91147 ,5.72684e-05 ,0.28632
-1.1868 ,0.886845 ,4.2795 ,0.000143966 ,4.75686
-1.27087 ,0.949852 ,4.57894 ,0.000325373 ,68.8435
-1.21319 ,0.905794 ,4.36698 ,2.55763e-06 ,5.23178
-1.25606 ,0.93857 ,4.52461 ,4.59497e-06 ,3.95714
-0.240558 ,0.186566 ,0.873477 ,1.05389e-07 ,0.179235
-1.16516 ,0.870343 ,4.20241 ,1.23094e-05 ,0.357788
-0.311685 ,0.231653 ,1.10582 ,1.35304e-07 ,14.5034
-1.10643 ,0.826827 ,3.99173 ,4.86615e-06 ,0.102757
-0.490138 ,0.370772 ,1.75637 ,2.36878e-07 ,0.0460677
-1.28488 ,0.959948 ,4.62916 ,1.04169e-05 ,39.2534
-0.772072 ,0.578914 ,2.77147 ,4.41122e-07 ,44.3617
-1.24453 ,0.930165 ,4.48527 ,4.11746e-05 ,3.38164
-1.27868 ,0.95569 ,4.60691 ,2.94024e-05 ,9.72002
-1.02668 ,0.769181 ,3.71091 ,8.96568e-07 ,0.1703
-0.328793 ,0.245195 ,1.18346 ,4.28879e-05 ,0.0257365
-0.943068 ,0.703642 ,3.39487 ,6.57631e-07 ,14.6161
-0.442658 ,0.331869 ,1.59525 ,2.19583e-07 ,0.0137904
-1.18348 ,0.88435 ,4.26756 ,2.22351e-05 ,0.725501
-0.283938 ,0.211745 ,1.02201 ,0.000363315 ,0.173831
-0.0499671 ,0.0933697 ,0.0811454 ,3.71868e-08 ,16.2771
-1.13678 ,0.849247 ,4.09996 ,4.02819e-06 ,0.115728
-0.888087 ,0.661747 ,3.20246 ,6.38531e-07 ,0.0375661
-1.28505 ,0.960136 ,4.62998 ,1.03669e-05 ,54.2491
-0.091163 ,0.068238 ,0.327887 ,0.000726721 ,0.0853798
-0.184493 ,0.141211 ,0.665057 ,7.98139e-08 ,16.9397
-1.26271 ,0.943569 ,4.54925 ,4.97338e-06 ,11.6873
-0.116752 ,0.0870673 ,0.420241 ,0.000131616 ,0.0201774
-1.23897 ,0.925874 ,4.46509 ,0.000525818 ,39.4927
-0.374321 ,0.279143 ,1.34734 ,0.000228703 ,0.170112
-1.23154 ,0.920555 ,4.43861 ,0.000345059 ,22.2825
-0.188071 ,0.139455 ,0.674943 ,8.09245e-08 ,10.7562
-0.282957 ,0.197477 ,1.00503 ,1.22096e-07 ,0.140892
-1.20531 ,0.900967 ,4.34387 ,2.44881e-06 ,2.14134
-0.585639 ,0.445669 ,2.13053 ,2.97884e-07 ,2.49565
-0.257353 ,0.1902 ,0.945674 ,1.13995e-07 ,0.538492
-0.357468 ,0.257251 ,1.24393 ,1.54335e-07 ,8.04346
-0.351199 ,0.257304 ,1.22042 ,1.51205e-07 ,22.3081
-1.28845 ,0.962954 ,4.64154 ,4.55073e-05 ,85.8375
-0.0153951 ,-0.0483588 ,-0.0141194 ,1.63178e-08 ,0.0350603
-0.14052 ,0.106294 ,0.570847 ,6.9369e-08 ,0.0126923
-0.0116388 ,-0.0496907 ,-0.0128285 ,1.55732e-08 ,66.9332
-0.121898 ,0.0923155 ,0.447221 ,5.48438e-08 ,0.501313
-0.819429 ,0.611726 ,2.94981 ,5.08719e-07 ,0.0767844
-1.14568 ,0.855871 ,4.13316 ,2.47629e-05 ,0.566811
-1.20192 ,0.898255 ,4.33353 ,7.60623e-05 ,3.04276
-0.136057 ,0.11506 ,0.502569 ,6.22531e-08 ,0.0121472
-0.16875 ,0.125844 ,0.607402 ,0.000119813 ,0.0283231
-1.28038 ,0.956749 ,4.61261 ,0.000226204 ,97.1524
-0.919237 ,0.685352 ,3.31089 ,2.52151e-06 ,0.0201113
-1.1723 ,0.875979 ,4.22829 ,9.17253e-05 ,2.55924
-0.85261 ,0.632975 ,3.06901 ,0.000664647 ,4.19404
-0.274154 ,0.204448 ,0.986796 ,4.19072e-05 ,0.0192564
-1.02138 ,0.761481 ,3.68679 ,8.40618e-05 ,0.975684
-1.19021 ,0.88855 ,4.26998 ,1e-05 ,0.196
-1.24265 ,0.937485 ,4.50424 ,1.38558e-05 ,3.35431
-1.04496 ,0.780203 ,3.90909 ,4.46197e-07 ,0.319206
-1.20167 ,0.920558 ,4.40107 ,5.59935e-06 ,0.923787
-0.982874 ,0.74024 ,3.51032 ,0.000571959 ,3.39664
-1.20211 ,0.919074 ,4.41607 ,6.32996e-06 ,1.25971
-1.2387 ,0.927339 ,4.40752 ,1.18876e-05 ,0.591365
-0.75202 ,0.565062 ,2.73042 ,0.000545859 ,0.0137729
-1.24526 ,0.936993 ,4.44659 ,6.48692e-06 ,0.402831
-1.25534 ,0.932913 ,4.51547 ,1.13963e-05 ,5.20817
-0.970223 ,0.72313 ,3.509 ,0.000149548 ,0.570726
-0.959388 ,0.730083 ,3.51161 ,3.12701e-06 ,0.012723
-1.23299 ,0.894083 ,4.37778 ,1.48442e-06 ,1.02861
-1.03823 ,0.76852 ,3.59118 ,2.23912e-07 ,0.736255
-1.04531 ,0.753825 ,3.90578 ,1.55415e-07 ,1.33013
-1.19922 ,0.851879 ,4.2244 ,7.99335e-07 ,10.8468
-1.18395 ,0.884071 ,4.29068 ,0.000348696 ,13.3446
-1.13578 ,0.832818 ,4.01788 ,1.63029e-06 ,0.0169491
-1.08618 ,0.763035 ,3.92944 ,5.0236e-07 ,0.475567
-1.26678 ,0.948908 ,4.55027 ,0.000139053 ,56.8929
-0.940851 ,0.632829 ,3.50422 ,2.7507e-07 ,0.0309861
-0.907987 ,0.671039 ,3.26635 ,0.000311767 ,0.931346
-1.04115 ,0.672722 ,3.45714 ,2.75289e-08 ,0.0191903
-1.06451 ,0.793663 ,3.84643 ,0.00025073 ,2.94525
-0.934642 ,0.623096 ,3.59368 ,8.86539e-08 ,0.023557
-1.06353 ,0.803459 ,3.87255 ,8.75036e-07 ,66.7353
-0.949632 ,0.652984 ,3.75427 ,9.53698e-08 ,0.0708333
-1.23639 ,0.943009 ,4.43559 ,6.31392e-06 ,7.21882
-1.00666 ,0.836009 ,3.53028 ,1.21016e-07 ,4.72788
-1.03962 ,0.758962 ,3.39347 ,2.61795e-08 ,2.02664
-1.10418 ,0.809807 ,3.92444 ,3.13766e-06 ,0.022638
-1.03329 ,0.810384 ,3.6724 ,5.5532e-07 ,0.492264
-1.20813 ,0.925515 ,4.43413 ,5.06752e-06 ,35.0506
-1.25012 ,0.921175 ,4.42806 ,0.000508502 ,43.2467
-1.04055 ,0.713837 ,3.42021 ,2.00322e-08 ,0.0165754
-1.15195 ,0.842989 ,4.20725 ,2.2855e-06 ,0.249076
-1.00354 ,0.688298 ,3.43029 ,1.11909e-08 ,14.9991
-1.07815 ,0.827618 ,4.02279 ,9.97038e-07 ,3.95279
-1.13294 ,0.84119 ,4.2346 ,7.10891e-07 ,0.0907387
-1.24396 ,0.939812 ,4.47357 ,9.81819e-06 ,0.564633
-0.892836 ,0.661124 ,3.19938 ,7.7454e-06 ,0.0203636
-1.2635 ,0.948082 ,4.54777 ,5.72985e-05 ,19.0855
-1.25746 ,0.934866 ,4.49989 ,4.50208e-06 ,0.644559
-1.00935 ,0.84393 ,3.43543 ,4.04095e-08 ,0.0173508
-1.03676 ,0.654623 ,3.47306 ,2.06133e-08 ,0.411753
-1.10948 ,0.8322 ,3.81031 ,1.01299e-07 ,0.029163
-1.26073 ,0.94023 ,4.56053 ,1.53542e-05 ,45.5439
-1.19127 ,0.884452 ,4.26523 ,0.00061262 ,13.0282
-0.886009 ,0.657777 ,3.18707 ,0.000154148 ,0.242752
-1.0217 ,0.759783 ,3.39055 ,1.74176e-08 ,76.628
-0.900532 ,0.669938 ,3.25903 ,2.59406e-05 ,0.0734885
-1.07724 ,0.842314 ,4.21397 ,3.17758e-07 ,26.1233
-1.25953 ,0.950027 ,4.56626 ,2.34882e-05 ,17.8345
-0.891652 ,0.664976 ,3.20952 ,0.000184706 ,0.123059
-0.869596 ,0.648831 ,3.12949 ,0.000683816 ,0.255006
-1.05315 ,0.88233 ,3.68351 ,1.06571e-07 ,56.752
-0.921038 ,0.581958 ,3.53167 ,2.70603e-08 ,45.0882
-1.26794 ,0.942036 ,4.55282 ,1.48889e-05 ,30.178
-1.10008 ,0.807814 ,3.94674 ,0.000172217 ,1.40008
-1.22158 ,0.931833 ,4.45102 ,0.000227012 ,13.5985
-1.20228 ,0.897706 ,4.39878 ,0.000181127 ,9.74562
-1.25549 ,0.939018 ,4.53067 ,0.000384704 ,76.2568
-1.00046 ,0.769063 ,3.39702 ,2.30927e-08 ,2.5855
-1.23 ,0.897725 ,4.41426 ,4.8307e-05 ,3.17826
-1.04902 ,0.658612 ,3.47408 ,2.17811e-08 ,4.50458
-0.962425 ,0.834207 ,3.77118 ,1.08218e-07 ,0.0103918
-0.884219 ,0.659436 ,3.18268 ,0.000241342 ,0.180488
-0.863265 ,0.674543 ,3.4655 ,3.81716e-08 ,76.3481
-0.925269 ,0.582787 ,3.53277 ,3.24081e-08 ,0.0101202
-1.21711 ,0.935651 ,4.42007 ,5.00226e-06 ,2.8734
-0.963595 ,0.702225 ,3.59928 ,4.59925e-07 ,0.114717
-1.10166 ,0.801172 ,3.91277 ,2.02679e-06 ,0.0224999
-0.927597 ,0.773492 ,3.8071 ,9.79544e-08 ,18.0717
-0.905882 ,0.674571 ,3.27336 ,0.000144621 ,0.247979
-0.882319 ,0.657903 ,3.17561 ,0.000343982 ,0.225471
-1.25744 ,0.940789 ,4.51274 ,9.50908e-06 ,39.4221
-1.06417 ,0.801645 ,3.84531 ,4.87746e-07 ,0.0205976
-0.986725 ,0.735776 ,3.55257 ,0.000554706 ,0.0592173
-1.25816 ,0.943632 ,4.54308 ,1.53344e-05 ,10.3537
-1.16462 ,0.886539 ,4.18977 ,2.90816e-05 ,0.77137
-1.08113 ,0.74363 ,3.76088 ,6.0377e-07 ,2.78455
-1.15383 ,0.790948 ,3.74769 ,1.57579e-07 ,0.0128068
-1.06839 ,0.765886 ,3.66437 ,5.25475e-07 ,0.1766
-1.06071 ,0.803949 ,3.86994 ,4.02608e-07 ,11.8996
-0.923407 ,0.696875 ,3.60593 ,2.56227e-07 ,0.0426315
-1.12184 ,0.853334 ,4.01917 ,2.08309e-06 ,0.0620151
-1.05433 ,0.808559 ,3.39438 ,1.64937e-08 ,23.7764
-1.10178 ,0.794342 ,3.73957 ,6.82434e-07 ,0.22481
-1.24749 ,0.93643 ,4.45444 ,0.000214197 ,12.7456
-1.10045 ,0.81314 ,4.01066 ,0.000116352 ,2.08222
-0.878995 ,0.653898 ,3.16058 ,9.55443e-05 ,0.144846
-1.26068 ,0.946564 ,4.54495 ,1.35077e-05 ,21.8122
-1.27364 ,0.942152 ,4.5697 ,6.90508e-05 ,72.3614
-1.14896 ,0.838924 ,4.12149 ,1.48101e-06 ,0.147957
-0.905334 ,0.60731 ,3.50278 ,8.16007e-08 ,3.71945
-0.885556 ,0.65675 ,3.17791 ,0.000296338 ,0.0310904
-1.26895 ,0.944309 ,4.55183 ,2.24682e-05 ,13.0813
-1.19546 ,0.897132 ,4.3221 ,1.01297e-05 ,0.337752
-0.915901 ,0.734368 ,3.60393 ,1.34299e-07 ,0.019671
-1.13945 ,0.852111 ,4.09809 ,4.27324e-05 ,0.933524
-1.22758 ,0.936117 ,4.44253 ,0.000127721 ,7.15232
-0.847764 ,0.677275 ,3.54797 ,1.88076e-07 ,0.140861
-1.01254 ,0.833172 ,3.54392 ,4.66015e-08 ,0.0339135
-0.880468 ,0.65373 ,3.16047 ,0.000214058 ,0.323781
-1.20473 ,0.879017 ,4.1382 ,5.82058e-07 ,12.9981
-1.07337 ,0.796232 ,3.39259 ,1.66482e-08 ,0.0161182
-0.896198 ,0.66835 ,3.2258 ,0.00089316 ,0.583562
-1.24515 ,0.912009 ,4.40057 ,2.49482e-06 ,0.297671
-1.22039 ,0.904832 ,4.35191 ,6.97857e-06 ,0.346354
-0.951413 ,0.709511 ,3.42457 ,0.000333825 ,0.0523425
-0.840048 ,0.627572 ,3.02535 ,0.000151831 ,0.0853718
-1.07022 ,0.694018 ,3.78768 ,9.02322e-08 ,0.0605295
-0.89614 ,0.667868 ,3.23734 ,0.00010005 ,0.171485
-0.869406 ,0.723529 ,3.4747 ,1.51846e-08 ,0.0183241
-1.1093 ,0.836659 ,4.00129 ,1.48191e-05 ,0.158653
-0.889907 ,0.768721 ,3.48309 ,6.79591e-08 ,54.0032
-1.03947 ,0.707314 ,3.42517 ,1.99649e-08 ,2.55237
-0.891679 ,0.600632 ,3.58075 ,8.81475e-08 ,3.82413
-1.0078 ,0.747543 ,3.62352 ,2.32866e-07 ,28.8126
-1.1044 ,0.849103 ,4.04242 ,8.96413e-07 ,50.7161
-0.860794 ,0.682741 ,3.46697 ,1.48554e-08 ,34.0638
-0.971785 ,0.806445 ,3.72416 ,3.52623e-07 ,1.21617
-1.01703 ,0.826078 ,3.48258 ,2.78686e-07 ,3.70701
-0.82419 ,0.616531 ,2.97372 ,0.000562586 ,0.513135
-1.18621 ,0.880612 ,4.28579 ,0.000122068 ,3.81544
-1.23211 ,0.934743 ,4.47828 ,0.000201315 ,11.7454
-1.07287 ,0.800393 ,3.85342 ,2.54514e-07 ,3.47206
-0.984088 ,0.820629 ,3.46971 ,2.49608e-07 ,0.273768
-1.04823 ,0.800489 ,3.39508 ,3.06964e-08 ,0.11498
-1.00205 ,0.690521 ,3.42788 ,1.12803e-08 ,2.33261
-1.15186 ,0.833366 ,4.15779 ,1.58566e-06 ,57.8758
-1.21791 ,0.913041 ,4.45638 ,0.000777603 ,43.6395
-1.19211 ,0.902962 ,4.39275 ,1.65356e-06 ,4.25628
-1.0802 ,0.754722 ,3.408 ,3.12041e-08 ,0.435951
-1.01444 ,0.791213 ,3.57655 ,2.58842e-07 ,0.0796064
-0.845704 ,0.630714 ,3.04536 ,0.000486229 ,0.415341
-0.908171 ,0.677275 ,3.2691 ,5.96828e-05 ,0.0228354
-0.949667 ,0.730638 ,3.4492 ,1.67379e-06 ,0.0124391
-1.1432 ,0.845779 ,4.10772 ,5.32068e-05 ,0.866678
-1.13291 ,0.849407 ,4.05809 ,1.53227e-06 ,0.0983267
-1.0801 ,0.7658 ,3.40288 ,3.13096e-08 ,0.909877
-0.976341 ,0.729085 ,3.5149 ,0.000123474 ,0.0130388
-1.25932 ,0.949715 ,4.56759 ,8.97877e-05 ,68.1372
-0.968989 ,0.718345 ,3.49551 ,1.14387e-05 ,0.0376507
-1.14078 ,0.827511 ,4.02948 ,1.12042e-06 ,5.7061
-1.195 ,0.890968 ,4.32098 ,1.42337e-06 ,0.368028
-1.0923 ,0.757273 ,3.41187 ,3.07958e-08 ,0.525928
-1.25717 ,0.939323 ,4.53289 ,7.30807e-05 ,16.8949
-0.898445 ,0.587992 ,3.52002 ,3.29775e-08 ,80.5552
-1.20276 ,0.925892 ,4.4202 ,1.67155e-06 ,69.9743
-1.07106 ,0.738977 ,3.45027 ,2.47371e-07 ,1.0024
-1.08711 ,0.776053 ,3.94598 ,9.85191e-07 ,1.3845
-1.12318 ,0.837774 ,4.06832 ,2.70208e-06 ,0.0707652
-1.12452 ,0.83793 ,4.06052 ,1.44388e-05 ,0.145707
-1.21374 ,0.9249 ,4.38088 ,0.000147586 ,9.00284
-0.937535 ,0.692925 ,3.36889 ,0.000302391 ,0.0130024
-1.06903 ,0.750843 ,3.50227 ,3.78542e-07 ,0.267956
-1.21946 ,0.822787 ,3.94439 ,1.4138e-07 ,1.43138
-0.933326 ,0.598459 ,3.58317 ,3.67781e-08 ,5.62273
-1.14082 ,0.819356 ,3.99508 ,1.06584e-06 ,0.0192813
-1.11881 ,0.721834 ,3.70694 ,1.3445e-07 ,7.42758
-1.25826 ,0.945814 ,4.5615 ,0.000267327 ,98.0958
-1.27253 ,0.955741 ,4.56407 ,0.000140194 ,99.5093
-1.2047 ,0.857111 ,4.1475 ,5.82176e-07 ,16.4692
-1.04587 ,0.751578 ,3.83056 ,3.24618e-07 ,9.18515
-1.12917 ,0.907555 ,4.14533 ,3.61601e-07 ,0.0310253
-1.24429 ,0.935148 ,4.43984 ,0.00010562 ,5.9925
-1.10881 ,0.862787 ,4.01723 ,8.47785e-07 ,0.192314
-1.10068 ,0.828451 ,3.89564 ,1.42701e-06 ,0.0501614
-1.11534 ,0.834739 ,4.03502 ,0.00011547 ,1.11494
-0.888131 ,0.663126 ,3.1988 ,2.60415e-05 ,0.0115426
-1.2207 ,0.891299 ,4.38521 ,6.08814e-06 ,0.647411
-1.2146 ,0.906819 ,4.44384 ,9.0953e-06 ,0.591196
-0.899712 ,0.697829 ,3.56414 ,4.09989e-07 ,0.0753918
-0.916647 ,0.6865 ,3.32545 ,1.77592e-05 ,0.0553983
-1.05923 ,0.671947 ,3.46473 ,2.18313e-08 ,6.27958
-1.13984 ,0.771669 ,3.92636 ,3.08204e-07 ,0.0414561
-0.87231 ,0.649929 ,3.14223 ,2.48646e-05 ,0.053121
-1.20988 ,0.887608 ,4.36036 ,3.35264e-06 ,8.22061
-1.22678 ,0.893785 ,4.39711 ,5.76425e-06 ,0.611181
-1.22923 ,0.927973 ,4.38789 ,1.09279e-05 ,0.746358
-0.905842 ,0.675962 ,3.25872 ,0.00017284 ,0.0315716
-1.05689 ,0.791889 ,3.78063 ,1.57353e-05 ,0.0878723
-1.05532 ,0.728913 ,3.80858 ,2.95369e-07 ,0.0123178
-0.894542 ,0.676071 ,3.22828 ,5.81489e-06 ,0.0186741
-1.24592 ,0.93928 ,4.46016 ,5.26324e-06 ,0.349738
-0.945359 ,0.704078 ,3.40326 ,1.32813e-05 ,0.0339069
-0.922092 ,0.667123 ,3.57168 ,3.85942e-07 ,1.81471
-1.21751 ,0.920868 ,4.46493 ,7.04913e-06 ,5.97807
-1.08939 ,0.79894 ,3.82108 ,4.34726e-07 ,3.5037
-1.24623 ,0.923907 ,4.41853 ,7.9853e-06 ,0.514511
-1.13128 ,0.835951 ,4.09461 ,3.51452e-07 ,89.5711
-1.26493 ,0.948325 ,4.54845 ,4.88623e-05 ,16.9233
-1.22954 ,0.894575 ,4.41548 ,2.94388e-06 ,0.609974
-1.10037 ,0.811961 ,3.98241 ,5.75536e-06 ,0.050488
-1.23434 ,0.92384 ,4.38635 ,5.52524e-05 ,3.70195
-1.04329 ,0.832146 ,3.90103 ,1.89923e-07 ,37.6799
-1.24802 ,0.917749 ,4.41786 ,0.000943998 ,78.9248
-0.850701 ,0.59268 ,3.52914 ,3.3206e-08 ,2.88018
-1.12919 ,0.848299 ,4.09246 ,9.62735e-07 ,0.54462
-0.958314 ,0.660677 ,3.80771 ,9.84583e-08 ,0.0249604
-0.879083 ,0.653693 ,3.16497 ,0.000131832 ,0.208525
-0.89184 ,0.700125 ,3.44403 ,1.55292e-08 ,1.58973
-1.1226 ,0.83868 ,4.05085 ,0.000130917 ,1.2586
-1.1268 ,0.792955 ,3.44801 ,8.41173e-08 ,0.643861
-1.21127 ,0.928511 ,4.41489 ,3.34045e-05 ,2.81423
-1.01401 ,0.757853 ,3.62933 ,4.34085e-07 ,0.118016
-0.983937 ,0.612899 ,3.50064 ,1.85215e-08 ,0.0454179
-0.89671 ,0.672739 ,3.2417 ,0.000975285 ,1.81471
-1.00475 ,0.689971 ,3.57805 ,3.46931e-07 ,0.394738
-1.09288 ,0.792489 ,3.88461 ,8.29923e-07 ,14.4609
-0.853094 ,0.636912 ,3.07533 ,0.000105199 ,0.121543
-1.1075 ,0.770269 ,3.93642 ,5.78606e-07 ,1.33343
-0.941188 ,0.599738 ,3.57991 ,3.67455e-08 ,0.0341724
-1.1516 ,0.829335 ,4.05006 ,2.19486e-07 ,0.967393
-1.13809 ,0.860188 ,4.1502 ,5.63724e-06 ,0.0838362
-0.886786 ,0.66086 ,3.19148 ,3.01581e-05 ,0.0354287
-1.01948 ,0.754744 ,3.64553 ,5.9743e-05 ,0.440147
-0.811592 ,0.603885 ,2.92104 ,0.00095861 ,0.580067
-1.1227 ,0.824032 ,4.02672 ,1.70325e-05 ,0.245387
-1.06192 ,0.707238 ,3.46447 ,2.47123e-07 ,0.689345
-1.12494 ,0.852749 ,4.15473 ,1.69042e-06 ,0.13266
-0.876773 ,0.656758 ,3.14563 ,6.29759e-05 ,0.136814
-1.11594 ,0.797655 ,3.95887 ,1.50012e-06 ,0.0256471
-1.1943 ,0.894228 ,4.3038 ,2.62055e-06 ,7.4385
-1.19224 ,0.892504 ,4.30424 ,2.16586e-06 ,0.0775988
-1.12767 ,0.736332 ,3.75169 ,1.47473e-07 ,12.5253
-1.00214 ,0.751589 ,3.60216 ,0.00067464 ,3.03598
-1.13751 ,0.858082 ,4.13005 ,0.000136579 ,2.18662
-1.00595 ,0.747042 ,3.6246 ,2.24323e-07 ,0.114829
-1.09067 ,0.756293 ,3.44684 ,1.80615e-07 ,3.50894
-1.19552 ,0.896254 ,4.35357 ,0.000151314 ,5.58191
-1.19085 ,0.879625 ,4.26942 ,0.000763019 ,22.1226
-1.02074 ,0.86115 ,3.49951 ,7.51099e-08 ,0.243871
-0.925868 ,0.823322 ,3.52977 ,3.18741e-08 ,0.0385286
-0.877513 ,0.654358 ,3.15848 ,0.000360116 ,0.22156
-0.846177 ,0.631 ,3.04942 ,0.000145423 ,0.0771849
-0.854798 ,0.584894 ,3.57816 ,3.16046e-08 ,0.394468
-1.05992 ,0.802023 ,3.53049 ,2.75702e-07 ,1.21585
-0.868433 ,0.646477 ,3.11516 ,9.61614e-06 ,0.0116178
-1.16265 ,0.901083 ,4.21343 ,1.61577e-06 ,13.2245
-1.03643 ,0.774598 ,3.72962 ,0.000310315 ,0.0220573
-1.13081 ,0.84543 ,4.08711 ,1.33078e-06 ,0.338932
-1.12917 ,0.844556 ,4.12726 ,2.3168e-06 ,0.102771
-0.872818 ,0.648804 ,3.14589 ,7.91686e-05 ,0.128228
-0.879764 ,0.656005 ,3.16634 ,0.000122978 ,0.0994627
-0.87441 ,0.666744 ,3.4526 ,1.47626e-08 ,5.1311
-1.05373 ,0.777515 ,3.727 ,8.87864e-06 ,0.0807111
-1.25844 ,0.945407 ,4.56735 ,8.13118e-05 ,45.4168
-0.950743 ,0.84677 ,3.49292 ,4.24095e-08 ,0.518598
-0.901524 ,0.807913 ,3.50335 ,6.2903e-08 ,0.0848432
-1.25399 ,0.935611 ,4.524 ,3.82845e-06 ,4.87519
-1.05424 ,0.751513 ,4.04981 ,1.67997e-07 ,48.9285
-1.21541 ,0.897336 ,4.33971 ,3.0257e-06 ,0.315626
-1.25342 ,0.935278 ,4.52284 ,1.00022e-05 ,62.2738
-0.967707 ,0.72124 ,3.48215 ,0.000252253 ,0.032842
-0.99893 ,0.785861 ,3.65536 ,1.87236e-07 ,0.0798228
-1.25806 ,0.943462 ,4.54273 ,0.000119192 ,31.7831
-1.08983 ,0.776238 ,3.54178 ,1.35524e-07 ,0.499317
-1.22807 ,0.934748 ,4.47125 ,6.04314e-05 ,6.51722
-1.01724 ,0.772685 ,3.39275 ,2.34892e-08 ,0.546098
-1.0121 ,0.75765 ,3.39184 ,2.65445e-08 ,0.0574686
-1.0422 ,0.746264 ,3.66502 ,7.11831e-07 ,0.0150609
-0.845127 ,0.731177 ,3.57827 ,4.78664e-08 ,0.596063
-1.158 ,0.880426 ,4.11287 ,6.77032e-07 ,0.03006
-0.989311 ,0.770611 ,3.60288 ,7.73073e-08 ,0.092289
-0.980259 ,0.693755 ,3.41891 ,1.23519e-08 ,6.2237
-1.06101 ,0.769263 ,3.54587 ,3.33901e-07 ,30.975
-1.05181 ,0.679667 ,3.45402 ,2.05096e-08 ,0.0416587
-0.9268 ,0.691165 ,3.33598 ,0.000849183 ,0.241397
-1.16698 ,0.821266 ,3.67956 ,1.30103e-07 ,0.0670997
-0.976401 ,0.729568 ,3.4863 ,0.000408928 ,0.0142883
-0.934772 ,0.701903 ,3.37334 ,0.000715442 ,0.0518892
-1.25365 ,0.930953 ,4.51234 ,2.21658e-05 ,3.54654
-0.962241 ,0.720107 ,3.43823 ,1.62102e-05 ,0.0826166
-0.973344 ,0.729599 ,3.52389 ,0.000186168 ,0.62067
-0.90389 ,0.672838 ,3.26769 ,0.000488288 ,0.837809
-1.25523 ,0.940518 ,4.50962 ,0.000258408 ,36.2378
-1.02997 ,0.646623 ,3.4789 ,2.0654e-08 ,59.5092
-1.06086 ,0.779721 ,3.84627 ,2.3523e-07 ,0.0390257
-1.22547 ,0.931663 ,4.47706 ,2.27206e-06 ,7.03386
-1.25926 ,0.945234 ,4.54417 ,1.78593e-05 ,8.80159
-1.0815 ,0.802726 ,3.85661 ,3.15048e-07 ,0.667066
-1.18739 ,0.883892 ,4.29281 ,0.000174202 ,5.34731
-0.991492 ,0.799011 ,3.54442 ,4.14229e-07 ,0.437461
-0.985527 ,0.735068 ,3.56618 ,0.00072961 ,2.64787
-0.917682 ,0.808645 ,3.52706 ,1.30464e-07 ,30.6015
-0.946564 ,0.707999 ,3.41827 ,0.000117365 ,0.383907
-1.27747 ,0.946579 ,4.56873 ,9.46761e-05 ,89.6163
-1.0121 ,0.746842 ,3.63199 ,5.87468e-08 ,0.0192146
-1.23076 ,0.872879 ,4.18982 ,4.86004e-07 ,1.3653
-0.983087 ,0.740186 ,3.53358 ,2.59177e-05 ,0.110387
-1.21117 ,0.92234 ,4.39195 ,2.21632e-05 ,0.816722
-1.12327 ,0.897518 ,4.20388 ,5.70785e-07 ,0.110467
-0.990217 ,0.734719 ,3.51068 ,0.000670245 ,3.99324
-1.23203 ,0.933345 ,4.48564 ,8.80723e-05 ,11.0434
-1.21117 ,0.905793 ,4.44151 ,4.85614e-06 ,1.03329
-1.14233 ,0.861605 ,4.14915 ,0.000104407 ,1.35475
-1.24494 ,0.933445 ,4.40419 ,2.38372e-06 ,3.12573
-0.913143 ,0.679704 ,3.28893 ,0.000272476 ,0.0358805
-1.22351 ,0.908061 ,4.42223 ,1e-05 ,0.196
-1.13165 ,0.843582 ,4.08575 ,0.000906606 ,3.3776
-1.27483 ,0.950014 ,4.57362 ,1.3719e-05 ,12.6363
-1.08293 ,0.808767 ,3.88755 ,0.000321135 ,0.798503
-1.27127 ,0.945123 ,4.58192 ,1.43887e-05 ,37.4426
-1.19755 ,0.8945 ,4.30952 ,1.3031e-06 ,12.8911
-1.11287 ,0.778781 ,3.701 ,2.63539e-08 ,0.0150813
-1.17489 ,0.873482 ,4.2184 ,0.000295399 ,4.17451
-1.20918 ,0.897291 ,4.36625 ,1.81206e-06 ,0.135109
-1.17633 ,0.869477 ,4.25377 ,1.09867e-06 ,2.19059
-1.23665 ,0.919306 ,4.4665 ,2.69689e-06 ,0.449064
-0.898816 ,0.670286 ,3.23522 ,0.000464942 ,0.0521081
-1.09891 ,0.827312 ,3.68821 ,1.03503e-08 ,6.5034
-1.26435 ,0.947358 ,4.55321 ,6.08543e-06 ,2.59062
-1.26351 ,0.944952 ,4.54802 ,2.79369e-05 ,3.297
-1.26536 ,0.942883 ,4.55543 ,0.000263983 ,56.0117
-1.00955 ,0.726333 ,3.78798 ,1.41422e-07 ,0.088903
-0.903407 ,0.67371 ,3.25174 ,0.000133492 ,0.0403953
-1.12543 ,0.855112 ,4.01998 ,6.06426e-07 ,5.28579
-1.10888 ,0.77479 ,3.74474 ,1.07696e-07 ,10.9941
-1.14935 ,0.858186 ,4.12313 ,0.00086039 ,5.39108
-1.07081 ,0.719303 ,3.72791 ,4.81708e-08 ,0.290212
-1.05273 ,0.720943 ,3.76494 ,1.34393e-07 ,11.8764
-0.999589 ,0.821397 ,3.74424 ,8.82631e-08 ,0.106134
-1.16283 ,0.870163 ,4.21001 ,0.000155588 ,2.16115
-1.27126 ,0.957401 ,4.58404 ,1.8034e-05 ,94.1803
-1.1708 ,0.867426 ,4.20278 ,6.13681e-06 ,0.0543485
-1.26753 ,0.944748 ,4.57688 ,1.61263e-05 ,0.560415
-1.22792 ,0.909056 ,4.41666 ,3.66609e-06 ,0.108943
-1.11458 ,0.801172 ,3.69568 ,1.54042e-08 ,19.7572
-1.24753 ,0.936961 ,4.49936 ,3.00937e-06 ,26.3841
-1.03663 ,0.840216 ,3.73468 ,9.50213e-08 ,0.110294
-1.20083 ,0.897197 ,4.34073 ,0.00032592 ,5.39588
-1.0055 ,0.750027 ,3.62158 ,0.00041531 ,0.545637
-1.10916 ,0.811219 ,3.69043 ,1.72195e-08 ,0.0118753
-1.19189 ,0.88737 ,4.29042 ,3.34988e-06 ,0.0492832
-1.27636 ,0.953105 ,4.58324 ,3.60318e-05 ,2.09281
-1.27286 ,0.957603 ,4.58305 ,1.86899e-05 ,65.1782
-0.807887 ,0.602476 ,2.90793 ,0.000831029 ,0.0163501
-1.13891 ,0.844698 ,4.01896 ,6.18678e-07 ,0.689321
-1.17623 ,0.86362 ,4.15517 ,8.67965e-07 ,91.4374
-1.27741 ,0.950461 ,4.59593 ,0.00014823 ,4.07877
-1.01529 ,0.757249 ,3.65472 ,1.25017e-05 ,0.0178065
-1.13209 ,0.823324 ,4.02883 ,6.24238e-07 ,7.32203
-1.08316 ,0.78182 ,3.91901 ,4.30329e-07 ,0.144584
-0.89964 ,0.670901 ,3.23819 ,0.000439162 ,0.0474011
-0.928028 ,0.692071 ,3.34037 ,0.000444169 ,0.0200064
-1.09669 ,0.780328 ,3.77552 ,2.09756e-07 ,0.0121513
-1.09641 ,0.740578 ,3.7207 ,3.24289e-08 ,2.37135
-0.985899 ,0.711839 ,3.76668 ,5.51069e-08 ,0.145426
-0.894121 ,0.666784 ,3.21832 ,0.000389129 ,0.0701274
-0.901763 ,0.672483 ,3.24582 ,0.000995067 ,0.0932823
-1.14264 ,0.851977 ,4.1013 ,0.000106299 ,0.71291
-0.999188 ,0.745039 ,3.59641 ,3.14902e-05 ,0.0385999
-1.0964 ,0.845792 ,3.91578 ,4.50035e-07 ,0.935113
-1.26257 ,0.942009 ,4.54922 ,2.99637e-05 ,4.24823
-1.10985 ,0.809601 ,3.69072 ,1.72758e-08 ,0.247827
-0.964189 ,0.742578 ,3.75717 ,7.95518e-08 ,0.494499
-1.08736 ,0.730122 ,3.72779 ,3.30001e-08 ,21.8892
-1.0213 ,0.701896 ,3.74851 ,5.70847e-08 ,4.00034
-1.01811 ,0.760489 ,3.66448 ,0.000382857 ,0.55683
-1.18296 ,0.862443 ,4.19382 ,9.55654e-07 ,90.9793
-1.0118 ,0.703257 ,3.74783 ,7.1427e-08 ,0.0111054
-1.1091 ,0.795815 ,3.72153 ,1.24874e-07 ,10.8356
-1.06862 ,0.803536 ,3.86299 ,3.65688e-07 ,0.097981
-1.10732 ,0.822816 ,3.97589 ,0.000507978 ,1.49193
-1.26561 ,0.942762 ,4.5631 ,0.000100533 ,27.212
-1.11006 ,0.761725 ,3.71172 ,2.3658e-08 ,1.25645
-0.99381 ,0.706928 ,3.75849 ,6.19116e-08 ,3.63917
-0.842829 ,0.628534 ,3.0337 ,0.000644067 ,0.0133537
-0.903741 ,0.673958 ,3.25294 ,0.000216448 ,0.0188946
-1.1797 ,0.871543 ,4.2253 ,2.04473e-06 ,0.0288819
-0.904132 ,0.67425 ,3.25435 ,6.9426e-05 ,0.0217193
-1.01971 ,0.701837 ,3.74934 ,5.69744e-08 ,22.2826
-1.19599 ,0.890796 ,4.31595 ,7.17586e-06 ,0.112878
-1.23576 ,0.92187 ,4.47514 ,9.07002e-05 ,1.82337
-1.2389 ,0.932417 ,4.47611 ,3.47544e-06 ,0.269195
-1.09842 ,0.746875 ,3.71229 ,3.84773e-08 ,60.9084
-1.25254 ,0.933678 ,4.50834 ,5.01232e-06 ,0.35869
-1.22143 ,0.91009 ,4.42667 ,0.000613615 ,11.4206
-1.27616 ,0.947693 ,4.5948 ,5.77824e-05 ,3.33995
-1.26766 ,0.95398 ,4.58449 ,0.000110801 ,7.32562
-1.26627 ,0.952812 ,4.57541 ,1.12421e-05 ,16.1607
-1.1203 ,0.835662 ,4.06201 ,6.83794e-07 ,0.136954
-1.08491 ,0.809467 ,3.89215 ,0.000200644 ,0.5193
-1.06028 ,0.810087 ,3.82224 ,2.87222e-07 ,0.525149
-0.979175 ,0.730202 ,3.52448 ,2.2269e-05 ,0.0212842
-1.21133 ,0.901606 ,4.33826 ,1.43368e-06 ,4.56581
-1.10316 ,0.793459 ,3.75668 ,1.99272e-07 ,0.0776183
-1.26561 ,0.95091 ,4.56358 ,2.76222e-05 ,8.45432
-1.26519 ,0.950449 ,4.58336 ,1.65397e-05 ,33.6097
-0.925598 ,0.690258 ,3.33162 ,0.000172633 ,0.087696
-1.23516 ,0.931006 ,4.46935 ,2.45874e-06 ,22.2111
-1.00311 ,0.733619 ,3.79481 ,1.32281e-07 ,6.88951
-1.19887 ,0.895319 ,4.32859 ,3.88935e-06 ,0.0665281
-1.08058 ,0.779089 ,3.81144 ,2.63328e-07 ,0.0240892
-1.26164 ,0.945978 ,4.55 ,1.93914e-05 ,2.81824
-1.06994 ,0.718254 ,3.73038 ,4.67986e-08 ,0.0396094
-1.17447 ,0.874038 ,4.23249 ,0.000954677 ,8.7806
-1.01874 ,0.833811 ,3.74042 ,8.76512e-08 ,0.153682
-1.27306 ,0.945538 ,4.58845 ,2.84131e-05 ,73.1163
-1.26321 ,0.944623 ,4.54652 ,0.000391676 ,59.5593
-1.27411 ,0.953338 ,4.5771 ,0.000968378 ,68.1492
-1.19762 ,0.893024 ,4.31547 ,1.33522e-06 ,1.01589
-1.07011 ,0.767035 ,3.81094 ,2.83218e-07 ,0.0191294
-0.896239 ,0.668364 ,3.22594 ,0.000509953 ,0.11103
-1.09944 ,0.783171 ,3.94764 ,4.60917e-07 ,0.911611
-1.25914 ,0.941208 ,4.53889 ,4.2367e-06 ,32.7469
-0.93413 ,0.696621 ,3.36233 ,2.07595e-05 ,0.0120853
-1.20409 ,0.904399 ,4.36748 ,2.0621e-06 ,0.0935337
-1.02401 ,0.702428 ,3.74606 ,6.09586e-08 ,0.0362266
-1.24805 ,0.934494 ,4.5086 ,3.18626e-06 ,21.0897
-1.13751 ,0.850272 ,4.10563 ,5.95347e-05 ,0.247959
-1.21154 ,0.899946 ,4.38661 ,1.6779e-06 ,1.6177
-1.2609 ,0.944068 ,4.54275 ,4.46463e-06 ,68.0319
-1.10999 ,0.809634 ,3.69091 ,1.71035e-08 ,0.0548851
-1.04711 ,0.838392 ,3.72325 ,1.28621e-07 ,0.0100015
-1.00386 ,0.748592 ,3.61346 ,1.1253e-05 ,0.0144976
-1.10604 ,0.82301 ,3.88856 ,4.14842e-07 ,1.53728
-1.15753 ,0.856676 ,4.16003 ,0.00072219 ,7.67522
-1.13499 ,0.836819 ,3.9421 ,4.96207e-07 ,86.9778
-1.16311 ,0.860726 ,4.18371 ,1.46065e-05 ,0.17238
-1.11526 ,0.79998 ,3.69665 ,1.47456e-08 ,5.78427
-0.939225 ,0.70042 ,3.38067 ,0.000160653 ,0.100633
-1.11149 ,0.807381 ,3.6922 ,1.65502e-08 ,1.41313
-1.12751 ,0.841568 ,4.0598 ,3.99417e-06 ,0.019861
-1.1475 ,0.855888 ,4.11484 ,0.000722833 ,4.60273
-1.26963 ,0.943823 ,4.58025 ,0.000176517 ,4.30497
-0.984088 ,0.806139 ,3.75164 ,8.38025e-08 ,1.91052
-1.10795 ,0.821885 ,3.97586 ,2.51114e-06 ,0.0112836
-1.01797 ,0.759995 ,3.66467 ,0.000189889 ,0.27494
-1.26231 ,0.942207 ,4.54663 ,4.72479e-06 ,8.59453
-1.17902 ,0.871915 ,4.24273 ,2.13679e-06 ,0.0314462
-1.21693 ,0.905596 ,4.35145 ,1.49611e-06 ,39.7054
-1.11282 ,0.805051 ,3.69355 ,1.60918e-08 ,0.113293
-1.23949 ,0.91935 ,4.46125 ,8.07585e-06 ,0.186008
-1.26035 ,0.943049 ,4.55362 ,0.000181464 ,18.1144
-1.09949 ,0.747841 ,3.71266 ,3.71754e-08 ,78.4748
-1.0938 ,0.740266 ,3.71628 ,4.04154e-08 ,6.56228
-1.18739 ,0.885025 ,4.22394 ,1.15242e-06 ,0.0854618
-1.26493 ,0.950855 ,4.57142 ,8.129e-06 ,11.0223
-1.08739 ,0.810619 ,3.91061 ,8.58114e-06 ,0.0230598
-1.01522 ,0.816825 ,3.77706 ,1.54509e-07 ,0.133843
-1.09333 ,0.783359 ,3.93848 ,4.95162e-07 ,0.0583767
-1.02851 ,0.739634 ,3.79982 ,2.14714e-07 ,1.60383
-0.909997 ,0.678624 ,3.27546 ,0.000535257 ,0.0382983
-1.01568 ,0.821528 ,3.76097 ,1.73734e-07 ,12.4672
-0.967654 ,0.777206 ,3.75686 ,8.31647e-08 ,0.115468
-1.27713 ,0.949362 ,4.59722 ,0.00067174 ,18.4425
-0.938013 ,0.699516 ,3.3763 ,3.92206e-05 ,0.0240863
-1.10129 ,0.818085 ,3.95976 ,7.87642e-05 ,0.250476
-1.07104 ,0.801296 ,3.85777 ,5.72758e-05 ,0.130892
-1.09528 ,0.814739 ,3.93049 ,0.000366403 ,1.02778
-1.10886 ,0.839899 ,4.04718 ,6.33145e-07 ,50.2369
-1.09427 ,0.740923 ,3.71583 ,4.03319e-08 ,2.01851
-1.00092 ,0.746375 ,3.60275 ,1.5926e-05 ,0.0197917
-1.26463 ,0.945127 ,4.57403 ,1.75865e-05 ,9.56526
-1.1838 ,0.879254 ,4.2751 ,1.23851e-06 ,0.179486
-1.26703 ,0.945365 ,4.5821 ,3.3479e-05 ,0.883262
-1.03458 ,0.82822 ,3.77243 ,1.56289e-07 ,0.0895941
-1.11223 ,0.799988 ,3.69294 ,2.1035e-08 ,0.16405
-1.1078 ,0.762019 ,3.70758 ,3.13428e-08 ,5.26881
-1.14155 ,0.851619 ,4.10021 ,2.60052e-06 ,0.0176066
-1.26907 ,0.951556 ,4.56568 ,6.96146e-06 ,20.1369
-1.11169 ,0.829403 ,3.98871 ,2.68469e-06 ,0.0122247
-1.27769 ,0.95092 ,4.59645 ,0.000161802 ,4.42623
-1.14781 ,0.850044 ,4.10093 ,7.54186e-07 ,35.857
-1.12907 ,0.845379 ,3.99236 ,7.62733e-07 ,0.0167439
-1.26514 ,0.943388 ,4.55207 ,0.000493693 ,96.8018
-1.15865 ,0.875191 ,4.14618 ,1.01039e-06 ,0.0413698
-1.08665 ,0.827883 ,3.75086 ,1.86075e-07 ,28.4412
-1.27914 ,0.952311 ,4.58378 ,2.24788e-05 ,66.001
-1.04896 ,0.83452 ,3.75819 ,1.71373e-07 ,0.611413
-1.07598 ,0.837883 ,3.72006 ,1.16274e-07 ,0.0309488
-1.20163 ,0.901112 ,4.36148 ,1.54264e-06 ,1.10466
-1.15081 ,0.858298 ,4.13478 ,1.49576e-05 ,0.105014
-1.24593 ,0.924034 ,4.46162 ,2.37912e-06 ,32.6056
-1.02257 ,0.794786 ,3.81216 ,2.06348e-07 ,41.0703
-1.08394 ,0.726878 ,3.73013 ,3.32339e-08 ,5.20074
-1.2698 ,0.957081 ,4.58384 ,0.000110275 ,98.5951
-1.26765 ,0.950526 ,4.56251 ,7.16691e-06 ,5.50184
-0.998211 ,0.706034 ,3.75359 ,7.21793e-08 ,0.0118825
-1.07289 ,0.787467 ,3.83388 ,3.30613e-07 ,0.0324487
-0.974223 ,0.726508 ,3.50657 ,0.000133098 ,0.118719
-1.11382 ,0.80293 ,3.69469 ,1.57445e-08 ,0.291237
-0.971303 ,0.786039 ,3.74953 ,9.23177e-08 ,0.0743324
-1.14503 ,0.875496 ,4.19334 ,9.30735e-07 ,60.0237
-1.25543 ,0.938528 ,4.52764 ,5.23447e-06 ,0.701802
-1.09957 ,0.748027 ,3.7125 ,3.72342e-08 ,6.2974
-1.1123 ,0.780061 ,3.69916 ,2.71371e-08 ,1.53368
-1.15182 ,0.858374 ,4.16359 ,0.000136321 ,1.71511
-1.26297 ,0.946583 ,4.5729 ,0.00012631 ,47.2099
-1.1943 ,0.891927 ,4.28891 ,1.23082e-06 ,3.26444
-1.218 ,0.915286 ,4.36947 ,1.66941e-06 ,0.41211
-1.26421 ,0.949476 ,4.57281 ,7.97461e-06 ,16.5818
-1.06761 ,0.811971 ,3.87626 ,3.39494e-07 ,13.6928
-1.25949 ,0.942841 ,4.54725 ,1.18008e-05 ,1.36787
-1.08615 ,0.729529 ,3.72666 ,3.5341e-08 ,0.439463
-1.25434 ,0.935434 ,4.51371 ,3.35922e-06 ,60.9044
-1.25327 ,0.938648 ,4.5171 ,5.15673e-06 ,0.476995
-1.07544 ,0.799891 ,3.83818 ,2.90978e-07 ,0.0971804
-1.11239 ,0.779153 ,3.69984 ,2.68958e-08 ,28.349
-1.04395 ,0.778021 ,3.75724 ,2.40291e-05 ,0.0430077
-0.931235 ,0.694462 ,3.35191 ,0.000546487 ,0.309774
-0.907872 ,0.677039 ,3.26781 ,0.000227554 ,0.0800176
-1.06619 ,0.796407 ,3.86783 ,3.57128e-07 ,0.0329875
-1.16662 ,0.863236 ,4.19374 ,0.000873819 ,8.69323
-1.05126 ,0.783562 ,3.79109 ,7.2393e-05 ,0.140901
-1.11303 ,0.807829 ,3.69407 ,1.35364e-08 ,0.0616595
-1.24981 ,0.929546 ,4.49543 ,2.91236e-06 ,72.907
-1.23857 ,0.924017 ,4.42366 ,1.99925e-06 ,4.47401
-1.26529 ,0.951468 ,4.5782 ,1.0582e-05 ,39.1804
-1.13402 ,0.848116 ,4.09368 ,0.000757382 ,3.18753
-1.06497 ,0.806783 ,3.83229 ,2.75496e-07 ,0.448773
-1.04556 ,0.705735 ,3.74494 ,4.55269e-08 ,35.1824
-1.10617 ,0.81877 ,3.73073 ,1.06778e-07 ,0.0626411
-1.25782 ,0.940243 ,4.53272 ,4.20899e-06 ,2.68046
-1.10397 ,0.752837 ,3.71303 ,3.18447e-08 ,0.806758
-1.17611 ,0.879794 ,4.2323 ,0.000297941 ,1.57328
-0.904961 ,0.674868 ,3.25734 ,0.000239801 ,0.0788026
-0.894679 ,0.6672 ,3.22033 ,0.000457035 ,0.0703145
-1.07276 ,0.818861 ,3.80291 ,2.2062e-07 ,0.453088
-1.09241 ,0.813676 ,3.92945 ,5.95464e-06 ,0.017807
-1.26813 ,0.951965 ,4.59767 ,0.000431076 ,26.0199
-1.21936 ,0.903489 ,4.38474 ,2.17606e-05 ,0.385571
-1.25343 ,0.935318 ,4.52561 ,0.000247275 ,5.42555
-0.903445 ,0.673738 ,3.25188 ,0.000288473 ,0.0868891
-1.0967 ,0.744454 ,3.71348 ,3.94955e-08 ,7.73613
-1.06368 ,0.714824 ,3.73134 ,5.01713e-08 ,5.52036
-1.2408 ,0.931148 ,4.49098 ,4.43054e-06 ,0.254798
-1.27463 ,0.950787 ,4.57342 ,8.68368e-06 ,65.5977
-1.08571 ,0.810246 ,3.89568 ,0.000116955 ,0.300389
-1.11419 ,0.790508 ,3.69729 ,2.18739e-08 ,0.981669
-1.24434 ,0.932586 ,4.4994 ,2.97275e-06 ,51.9667
-1.11484 ,0.800574 ,3.69605 ,1.52434e-08 ,16.4154
-1.13191 ,0.84703 ,4.08388 ,4.20109e-05 ,0.183063
-1.10987 ,0.807068 ,3.6904 ,1.96372e-08 ,0.0127054
-1.27163 ,0.951751 ,4.57577 ,2.08923e-05 ,1.006
-1.13315 ,0.851958 ,4.02035 ,6.12468e-07 ,0.340119
-1.11379 ,0.805856 ,3.69479 ,1.37566e-08 ,0.0364801
-1.07466 ,0.803756 ,3.83354 ,2.95259e-07 ,0.0457133
-0.894726 ,0.667236 ,3.2205 ,0.000121688 ,0.0222177
-1.23413 ,0.928521 ,4.42998 ,2.14088e-06 ,0.655232
-1.07088 ,0.783532 ,3.92533 ,4.46067e-07 ,0.0458069
-0.91172 ,0.679908 ,3.28166 ,0.000521924 ,0.209525
-1.05362 ,0.785697 ,3.79616 ,3.00471e-05 ,0.0592852
-1.27592 ,0.948337 ,4.60583 ,0.000163611 ,9.13892
-0.898632 ,0.670149 ,3.23456 ,0.000443162 ,0.114532
-1.26484 ,0.946449 ,4.55182 ,1.14688e-05 ,2.05272
-1.0447 ,0.817245 ,3.80056 ,2.18401e-07 ,8.96482
-1.18608 ,0.888079 ,4.2834 ,1.94368e-06 ,0.0424578
-1.25843 ,0.940132 ,4.53982 ,9.43652e-06 ,0.449831
-1.07856 ,0.804801 ,3.82321 ,2.99483e-07 ,1.86078
-1.09936 ,0.748199 ,3.71181 ,3.79654e-08 ,0.858508
-1.24488 ,0.92471 ,4.47813 ,4.94925e-06 ,0.188175
-1.04862 ,0.706753 ,3.74695 ,4.35036e-08 ,0.0119951
-1.14196 ,0.852769 ,4.12206 ,0.000859235 ,3.50578
-1.25951 ,0.942938 ,4.54886 ,9.07747e-05 ,10.0689
-1.05426 ,0.708817 ,3.74293 ,4.25916e-08 ,40.7801
-1.10984 ,0.761183 ,3.71199 ,2.37095e-08 ,22.2339
-1.10998 ,0.807324 ,3.69045 ,1.88734e-08 ,0.0378279
-1.25708 ,0.939509 ,4.52976 ,4.94674e-06 ,0.83318
-1.03226 ,0.717125 ,3.76596 ,1.61903e-07 ,0.0208775
-0.897813 ,0.669538 ,3.23161 ,0.000396866 ,0.0464998
-0.981896 ,0.759972 ,3.78119 ,1.60502e-07 ,1.3629
-1.07081 ,0.795565 ,3.84853 ,2.91641e-07 ,20.4846
-1.02485 ,0.798643 ,3.81086 ,2.06813e-07 ,78.7763
-1.11443 ,0.781041 ,3.70189 ,2.24458e-08 ,0.259845
-1.25729 ,0.939068 ,4.53377 ,8.62587e-06 ,0.300439
-1.26194 ,0.942028 ,4.553 ,1.5479e-05 ,1.1072
-1.27474 ,0.947651 ,4.59608 ,0.000206353 ,5.79369
-1.1575 ,0.868063 ,4.18705 ,2.3862e-06 ,0.0241849
-1.13355 ,0.844063 ,4.07568 ,1.4357e-06 ,0.0140953
-1.13583 ,0.846874 ,4.08224 ,2.7173e-06 ,0.0168271
-1.06741 ,0.785864 ,3.83909 ,3.14042e-07 ,38.21
-1.11356 ,0.806456 ,3.69454 ,1.36492e-08 ,1.80452
-1.07082 ,0.71913 ,3.7286 ,4.7479e-08 ,0.2738
-1.06133 ,0.795498 ,3.95523 ,4.76776e-07 ,0.513108
-1.11142 ,0.802551 ,3.69187 ,2.06754e-08 ,0.0519955
-1.24599 ,0.927003 ,4.49097 ,2.99848e-06 ,1.08096
-0.998659 ,0.804328 ,3.77293 ,1.64244e-07 ,82.5549
-0.973914 ,0.791323 ,3.74809 ,9.16876e-08 ,9.44969
-1.26287 ,0.945675 ,4.54967 ,1.69094e-05 ,1.48189
-1.27229 ,0.956013 ,4.58272 ,0.000476313 ,31.9397
-1.11428 ,0.802284 ,3.69532 ,1.54433e-08 ,0.0186852
-1.10964 ,0.760689 ,3.71224 ,2.37636e-08 ,55.7165
-0.973936 ,0.791363 ,3.74808 ,9.1684e-08 ,45.706
-1.14934 ,0.862366 ,4.12159 ,1.1837e-06 ,0.0210449
-1.08965 ,0.733346 ,3.72363 ,3.56463e-08 ,0.904072
-1.26252 ,0.942207 ,4.54898 ,9.42475e-06 ,1.3917
-1.26189 ,0.943899 ,4.5572 ,5.53738e-06 ,9.04588
-1.15324 ,0.85696 ,4.14233 ,6.13928e-05 ,0.466868
-1.07368 ,0.803934 ,3.8688 ,0.000465523 ,1.07829
-1.26424 ,0.942573 ,4.56186 ,0.000220315 ,55.6031
-1.02053 ,0.761468 ,3.67286 ,6.59866e-05 ,0.09806
-1.23686 ,0.925538 ,4.47962 ,2.5784e-06 ,40.3412
-0.982547 ,0.732734 ,3.53668 ,1.70985e-05 ,0.0171618
-1.07869 ,0.786689 ,3.89153 ,3.93651e-07 ,0.0453609
-1.15429 ,0.86092 ,4.16571 ,2.17946e-05 ,0.248797
-1.2731 ,0.948012 ,4.58066 ,1.99883e-05 ,0.782566
